100
15 18 1
13 17
15 18 1
15 17
15 18 1
16 17
15 18 1
13 18
15 18 1
15 18
15 18 1
16 18
15 18 1
12 19
15 18 1
15 19
15 18 1
16 19
80 73 6
10 13
21 22
20 19
0 5
5 0
19 11
80 70 6
10 13
21 22
20 19
0 5
5 0
19 11
80 66 6
10 13
21 22
20 19
0 5
5 0
19 11
80 59 6
10 13
21 22
20 19
0 5
5 0
19 11
80 58 6
10 13
21 22
20 19
0 5
5 0
19 11
75 73 6
10 13
21 22
20 19
0 5
5 0
19 11
75 70 6
10 13
21 22
20 19
0 5
5 0
19 11
75 66 6
10 13
21 22
20 19
0 5
5 0
19 11
75 59 6
10 13
21 22
20 19
0 5
5 0
19 11
75 58 6
10 13
21 22
20 19
0 5
5 0
19 11
67 73 6
10 13
21 22
20 19
0 5
5 0
19 11
67 70 6
10 13
21 22
20 19
0 5
5 0
19 11
67 66 6
10 13
21 22
20 19
0 5
5 0
19 11
67 59 6
10 13
21 22
20 19
0 5
5 0
19 11
67 58 6
10 13
21 22
20 19
0 5
5 0
19 11
56 73 6
10 13
21 22
20 19
0 5
5 0
19 11
56 70 6
10 13
21 22
20 19
0 5
5 0
19 11
56 66 6
10 13
21 22
20 19
0 5
5 0
19 11
56 59 6
10 13
21 22
20 19
0 5
5 0
19 11
56 58 6
10 13
21 22
20 19
0 5
5 0
19 11
55 73 6
10 13
21 22
20 19
0 5
5 0
19 11
55 70 6
10 13
21 22
20 19
0 5
5 0
19 11
55 66 6
10 13
21 22
20 19
0 5
5 0
19 11
55 59 6
10 13
21 22
20 19
0 5
5 0
19 11
55 58 6
10 13
21 22
20 19
0 5
5 0
19 11
4850 4823 100
5 18
66 38
11 21
65 99
85 83
58 83
84 55
5 27
91 91
69 9
61 10
30 50
14 31
82 78
25 74
86 5
70 43
48 61
54 23
86 49
79 82
24 15
9 79
29 64
98 71
15 86
59 88
72 23
30 11
19 42
67 16
58 24
41 21
50 70
99 74
70 52
6 0
32 61
67 70
70 38
27 100
20 69
78 85
26 96
42 41
83 55
57 42
91 36
84 21
38 99
39 74
54 44
92 16
41 59
4 79
74 48
13 26
89 84
99 66
69 29
98 10
25 94
14 53
78 53
33 39
20 41
6 38
20 82
3 76
29 16
61 8
34 13
37 4
90 68
51 41
76 80
58 12
19 12
47 89
41 16
8 64
7 87
5 15
18 49
70 49
93 48
36 25
57 72
30 25
79 21
98 71
83 18
28 10
0 48
66 94
55 47
6 96
1 1
7 51
60 49
4966 5304 100
82 28
71 51
87 61
60 100
80 1
49 71
32 54
38 19
86 58
70 11
96 23
95 70
33 43
45 35
3 95
17 4
43 73
62 87
37 95
40 20
21 43
72 90
34 68
61 51
36 84
46 38
64 20
93 23
31 26
26 63
25 4
57 85
59 59
10 78
96 30
75 25
45 83
34 34
38 26
74 67
48 96
97 20
98 48
33 2
68 20
74 14
69 33
39 99
4 78
16 52
4 21
16 16
10 77
74 80
13 99
6 100
82 78
60 32
45 60
45 92
59 83
46 41
39 70
3 92
1 16
38 72
80 45
18 78
15 75
89 43
44 50
77 37
42 86
57 32
54 50
3 94
4 77
51 49
6 49
100 92
65 27
79 90
23 33
76 42
81 19
27 37
51 76
86 60
65 91
12 13
45 83
73 17
1 60
93 67
94 27
60 42
85 50
15 66
43 8
88 44
4925 5261 100
70 23
36 99
47 57
52 8
5 50
65 62
98 6
3 21
21 95
72 36
51 1
21 10
63 80
51 21
18 83
90 66
64 18
75 71
94 51
75 4
52 15
55 50
10 59
60 67
4 27
78 20
68 14
20 17
41 80
25 87
1 57
6 65
66 45
96 54
73 68
91 52
65 93
19 27
1 17
87 22
45 42
12 99
88 17
73 92
55 94
70 35
63 25
73 97
13 97
93 41
80 67
43 49
13 64
57 8
74 76
72 89
0 55
7 11
31 25
90 33
87 90
42 9
72 79
26 90
87 44
55 80
18 66
91 46
6 80
2 56
27 14
47 77
90 72
25 75
94 70
47 82
73 50
65 37
50 84
10 37
2 76
31 72
19 23
5 97
98 58
18 40
74 92
73 91
72 57
32 66
74 80
37 86
62 39
68 61
9 14
95 99
84 27
5 1
13 92
3 70
4733 4494 100
0 34
50 45
92 1
29 98
81 63
3 30
97 55
93 33
45 35
45 22
73 7
83 100
36 73
56 64
38 64
59 37
38 58
50 73
7 59
25 13
73 5
53 57
44 2
20 86
61 48
28 11
97 53
47 49
24 11
32 51
83 7
81 80
2 79
27 100
11 23
37 33
69 38
25 76
76 13
33 13
2 13
42 61
80 48
26 74
80 46
85 100
80 9
78 44
44 67
48 16
64 73
29 49
60 59
68 4
0 78
5 10
78 82
71 66
31 30
4 4
51 45
41 41
3 46
42 32
7 58
50 43
64 22
8 10
97 83
96 59
46 34
16 16
52 22
99 64
13 40
69 81
21 25
74 3
41 44
15 26
89 23
36 94
89 3
68 28
67 19
65 50
96 98
39 47
68 61
61 58
63 78
34 14
45 86
25 41
15 1
11 59
11 14
68 99
5 59
49 29
4401 4884 100
38 51
8 75
39 65
4 67
20 80
46 72
31 71
31 2
39 20
34 90
4 64
71 97
64 67
80 32
17 79
6 38
36 3
99 22
100 17
63 20
37 68
52 94
27 36
29 97
23 8
38 85
19 19
60 18
75 39
6 40
35 12
30 88
15 78
21 1
62 10
34 86
4 13
51 37
26 81
81 88
76 98
27 39
19 77
52 28
17 17
0 88
54 83
14 2
65 40
92 5
98 7
81 9
18 42
55 79
15 49
38 7
32 28
19 76
86 38
57 48
63 14
55 6
100 72
3 54
98 81
84 49
61 74
93 17
5 23
50 81
65 66
5 75
73 10
89 44
87 8
66 81
21 15
90 77
16 67
23 38
17 10
58 85
65 49
38 98
76 2
39 82
33 45
18 42
9 95
33 98
24 82
79 26
44 30
79 97
76 91
34 65
13 77
70 8
3 28
55 77
5091 4707 100
78 23
54 54
45 53
33 11
92 29
92 40
13 66
96 74
84 87
76 59
1 54
24 7
96 6
12 82
16 6
67 34
86 5
50 61
19 55
22 98
31 53
69 100
24 16
70 65
99 4
48 69
79 96
45 94
31 6
30 20
24 77
11 61
75 1
35 74
86 34
52 41
4 27
61 89
80 12
62 74
5 35
21 82
38 86
84 81
84 70
59 89
84 15
68 49
46 9
53 80
39 19
43 66
4 50
18 29
86 16
93 95
78 15
39 52
96 60
49 84
88 27
52 62
52 60
22 0
67 18
77 69
18 9
17 9
65 86
45 54
26 83
13 12
56 86
33 0
61 22
7 91
81 100
1 3
78 0
59 22
89 66
40 46
42 23
33 7
25 100
50 30
27 23
4 57
82 13
83 60
45 30
99 27
82 82
28 44
56 83
30 46
86 43
35 59
37 87
51 46
4565 4720 100
14 40
41 40
16 32
56 56
98 8
70 54
58 18
72 90
2 78
57 74
56 80
56 15
26 100
12 58
95 34
27 29
53 33
98 78
13 26
74 6
42 69
78 99
71 38
38 43
35 47
82 52
19 31
3 36
74 42
16 62
99 30
53 66
81 42
76 32
13 48
6 55
24 24
44 51
79 70
10 99
5 30
88 32
7 61
80 49
22 50
34 98
90 13
85 83
61 25
40 78
16 93
31 17
44 0
25 21
6 19
9 57
83 69
31 41
88 61
4 72
90 6
1 14
49 9
62 62
21 7
87 77
20 3
66 30
3 57
14 99
12 100
65 41
3 21
13 96
70 73
85 70
67 69
32 20
88 24
88 88
21 69
35 51
31 27
50 55
15 28
78 7
28 53
63 19
53 40
63 20
57 80
48 17
56 3
94 50
12 79
35 59
97 29
72 64
8 46
72 6
5013 5850 100
88 94
36 20
40 9
21 27
73 96
55 11
92 98
24 63
46 10
13 81
43 83
72 96
15 45
51 8
25 73
41 64
97 99
0 77
6 14
79 82
2 92
44 39
97 78
82 87
11 70
2 3
66 86
42 64
33 35
23 73
33 11
58 25
59 40
27 78
97 71
7 6
77 90
60 59
54 68
7 63
98 90
63 35
72 64
43 4
89 6
56 6
100 45
50 47
43 16
40 88
90 86
10 36
67 90
6 99
19 25
45 74
24 68
77 46
71 42
30 97
37 71
23 74
100 39
4 92
76 92
74 9
100 0
78 37
62 72
24 76
3 74
16 99
22 37
90 73
39 94
10 81
99 98
85 88
57 32
16 87
7 41
85 12
99 56
15 63
47 89
85 63
9 66
75 87
43 71
59 78
61 76
51 93
48 79
64 92
71 51
94 52
97 38
39 2
81 86
15 84
4647 5467 100
98 94
98 97
24 86
62 81
41 84
33 46
18 21
47 65
55 50
48 26
11 40
74 29
75 69
5 99
98 45
84 76
10 92
10 10
15 6
53 47
23 63
30 10
3 57
25 57
64 51
29 57
13 20
68 64
68 52
34 92
30 70
9 27
19 9
18 58
50 93
8 75
42 67
59 68
96 59
23 78
72 52
76 27
50 66
99 78
50 89
33 99
1 39
44 20
100 57
43 78
24 36
49 43
21 15
88 88
63 73
40 15
34 0
71 34
43 20
61 2
96 25
92 13
8 4
73 70
72 22
94 50
53 52
28 60
67 22
63 58
63 84
37 41
67 96
20 92
75 96
10 18
63 87
32 77
26 10
48 33
54 74
75 41
21 95
56 34
47 92
41 36
85 99
6 49
36 99
29 28
7 89
42 84
9 60
65 43
11 41
54 73
86 52
39 83
94 82
92 16
4539 5202 100
8 1
24 13
84 66
40 88
1 39
50 33
51 4
52 53
74 90
82 85
73 91
0 27
46 41
2 98
7 46
7 75
52 57
12 35
49 90
6 96
69 91
57 89
66 87
43 22
2 41
35 94
28 61
22 77
55 22
62 8
41 36
40 30
69 83
20 27
58 97
13 18
49 61
35 66
84 18
87 3
57 17
23 50
98 66
82 53
78 46
50 77
94 52
27 48
67 38
52 12
17 54
46 64
65 78
18 53
49 16
52 30
17 89
12 89
22 42
94 65
88 69
15 20
14 95
41 28
46 53
75 48
5 37
36 66
28 99
79 34
74 94
23 66
65 93
58 98
49 0
18 35
74 65
82 61
46 81
81 70
27 31
75 20
0 99
89 48
93 88
89 45
21 9
1 36
21 84
75 46
80 34
23 41
16 54
13 12
22 47
38 16
89 4
96 13
8 30
17 43
4688 4831 100
57 92
19 0
54 46
12 15
98 90
1 57
38 71
96 55
83 63
93 28
3 88
87 22
91 3
100 84
93 96
11 16
58 0
56 40
34 24
5 61
100 15
80 75
64 63
68 45
87 71
9 1
21 10
43 41
95 27
0 51
54 72
13 42
56 46
37 15
0 32
57 48
48 12
3 93
80 47
42 15
41 83
35 44
70 38
45 24
16 89
17 97
85 68
4 70
44 11
67 43
6 87
73 48
18 3
87 49
7 70
3 49
17 82
60 100
79 83
92 61
0 43
3 54
74 70
6 1
42 88
6 10
5 87
22 39
31 62
78 57
54 32
72 34
57 100
84 28
23 41
42 15
6 16
26 24
31 62
82 23
99 93
26 37
91 86
82 67
24 3
50 55
55 36
3 30
74 60
73 33
52 66
41 96
71 98
23 15
28 58
63 64
50 29
69 14
66 39
14 53
5025 5115 100
44 70
53 21
26 90
65 86
69 16
54 2
14 39
52 27
28 27
95 58
84 24
47 23
39 76
84 53
94 56
95 44
48 57
18 31
0 74
55 54
34 52
92 82
4 82
98 89
95 31
50 37
55 80
26 54
92 86
86 98
48 68
96 9
25 65
3 78
96 8
33 61
56 71
40 100
64 85
20 68
51 61
65 4
44 36
38 54
22 26
40 20
52 71
18 80
56 13
1 45
10 27
6 60
91 54
78 3
33 17
87 42
88 23
37 38
4 47
77 2
0 48
33 100
75 14
76 62
20 49
58 92
45 59
34 92
12 56
38 17
87 55
74 3
90 20
84 7
5 63
31 71
8 69
21 86
30 19
32 67
0 41
98 92
28 99
85 67
51 3
89 55
24 36
56 61
0 76
22 80
79 99
67 63
82 68
86 8
87 94
94 49
82 26
51 60
28 35
32 32
5161 5128 100
58 58
40 77
18 30
58 54
59 77
71 92
70 97
51 46
40 54
37 21
94 58
59 57
25 0
54 14
60 77
52 62
39 62
74 91
59 47
76 41
44 83
84 74
69 47
84 24
38 29
7 11
66 83
99 39
35 2
90 64
24 51
28 21
46 63
69 63
79 47
22 100
8 29
97 65
41 91
21 90
79 55
53 52
45 85
56 85
86 43
1 77
25 71
8 63
50 70
40 57
74 28
15 1
88 5
95 3
65 57
17 13
20 30
2 88
33 52
66 77
52 30
7 99
19 28
24 94
99 44
17 11
97 12
42 5
45 67
78 76
12 3
18 26
93 96
70 76
90 57
77 89
50 71
36 91
82 52
8 45
54 18
74 89
87 76
1 32
57 2
49 7
23 65
89 58
62 1
77 74
74 74
100 86
7 53
62 6
64 50
73 66
44 21
33 42
19 72
75 48
4696 5282 100
3 99
93 8
28 4
96 54
4 96
48 5
2 11
56 90
55 14
37 8
37 27
88 95
66 39
29 46
52 29
36 75
90 61
3 53
6 15
16 71
82 77
82 23
81 20
24 100
49 43
67 9
24 84
62 67
44 75
15 9
97 66
97 55
69 91
66 48
79 82
96 23
59 73
21 54
1 98
27 72
79 72
97 87
2 56
92 61
38 79
44 1
74 21
74 64
69 62
47 3
23 47
31 63
7 84
2 44
66 72
45 49
20 13
34 47
85 52
10 75
78 43
46 1
74 49
35 90
63 31
47 23
89 48
19 44
45 57
16 100
7 94
1 87
71 75
10 94
55 1
21 51
65 43
6 74
100 100
47 68
86 25
59 44
5 95
74 78
12 84
5 71
61 8
95 49
88 82
78 17
52 16
4 98
12 61
37 44
11 13
88 60
25 30
29 77
80 43
55 21
4661 4852 100
35 8
87 55
4 49
93 93
14 27
20 89
63 67
34 77
84 10
44 5
97 8
27 47
26 28
63 53
67 50
79 24
19 15
32 46
17 63
4 50
8 46
3 84
32 51
38 65
69 36
42 93
25 29
52 71
75 19
78 36
11 38
89 72
1 34
71 39
34 29
2 94
42 39
56 31
26 39
14 11
51 52
52 63
3 21
46 95
59 97
56 12
61 61
77 47
87 47
90 29
30 47
37 51
23 50
4 11
78 49
31 98
7 62
77 35
69 4
48 4
40 95
86 75
16 52
86 79
90 74
11 14
79 78
59 78
9 37
16 75
62 79
59 40
49 29
71 68
83 11
58 4
48 24
16 76
83 73
65 84
33 72
61 37
41 35
68 95
39 65
11 78
67 37
6 0
8 66
75 37
62 23
57 19
22 65
62 85
88 56
33 1
81 69
48 83
36 74
17 38
4781 4826 100
71 17
72 22
16 65
91 20
13 30
29 47
76 70
37 64
81 86
22 15
13 4
72 26
3 100
90 86
23 0
21 100
76 65
67 74
40 16
94 63
92 98
56 28
47 3
99 86
67 9
4 6
38 39
70 31
48 46
65 21
46 50
4 3
21 32
17 1
23 33
94 81
56 32
80 96
88 70
26 82
21 37
7 100
10 33
83 4
7 3
92 78
2 11
6 47
43 27
84 18
55 21
31 87
80 54
19 45
69 57
72 75
67 19
14 84
84 62
78 0
98 79
14 56
11 65
64 76
87 73
41 91
97 61
17 47
32 29
36 22
44 15
48 42
6 80
79 16
78 37
42 14
97 12
78 80
29 94
56 64
100 73
20 75
81 69
14 25
14 9
36 93
84 60
18 55
47 76
31 59
36 30
7 87
58 28
49 4
2 90
89 1
38 14
82 80
33 73
97 99
4916 4649 100
88 51
93 0
46 97
0 20
72 64
40 75
94 98
13 22
4 69
5 19
26 4
71 41
63 61
43 52
50 22
20 13
1 86
60 23
83 59
53 44
4 10
3 28
36 43
65 50
29 69
61 75
27 29
83 31
45 11
15 53
29 81
79 30
84 61
61 96
22 94
20 12
9 26
12 24
27 94
94 20
57 66
60 78
99 62
0 45
37 3
34 71
92 48
80 67
72 44
93 45
63 99
76 94
72 89
93 90
79 34
37 91
24 43
89 65
95 98
51 79
92 33
5 62
80 21
33 3
73 86
89 34
17 96
29 3
11 69
75 8
6 20
2 17
18 28
77 62
57 7
64 92
61 19
81 88
77 11
1 87
75 40
68 33
74 2
14 14
76 11
44 39
62 78
8 12
14 36
55 23
41 90
15 34
73 7
69 17
18 16
46 51
92 61
86 13
24 60
82 36
4984 4793 100
4 97
70 35
81 4
74 14
8 98
35 14
66 29
76 34
44 10
77 27
28 32
95 36
77 90
91 96
12 43
89 74
10 65
38 37
78 29
51 23
17 62
42 0
82 68
34 27
63 59
13 31
75 51
2 57
59 19
7 66
70 33
95 96
10 4
80 0
96 4
20 39
11 77
6 2
3 43
61 19
63 73
75 6
94 37
37 62
48 73
34 76
57 65
66 83
44 93
10 70
95 24
34 20
41 58
71 6
40 60
65 80
64 91
25 11
94 34
21 18
22 14
14 67
62 31
58 78
100 53
73 74
44 48
35 78
55 7
32 76
19 89
28 71
20 75
8 67
73 34
2 57
36 75
58 57
57 44
93 23
76 29
64 5
61 39
53 35
78 49
49 92
39 72
93 93
58 58
66 42
77 57
75 4
58 84
88 61
60 90
24 19
98 31
10 32
18 97
99 6
4825 4484 100
16 93
89 39
69 13
93 68
26 26
17 77
53 63
7 79
39 46
24 68
77 19
19 23
86 22
52 62
35 92
53 92
29 3
43 0
73 70
64 28
94 34
54 93
70 16
76 40
91 55
72 10
6 49
23 80
11 90
88 59
15 36
0 100
70 21
23 84
31 81
66 36
85 93
69 14
44 15
83 57
14 32
10 67
58 1
91 9
55 67
13 9
94 45
0 81
36 14
91 24
63 12
75 93
97 84
7 5
95 54
32 85
38 20
6 48
15 13
95 10
12 59
17 75
13 9
42 74
14 81
32 32
57 48
63 68
88 62
100 55
36 33
45 42
2 76
36 70
14 28
60 66
47 33
42 24
90 18
27 71
37 1
30 64
33 48
54 90
53 16
69 44
32 32
90 62
65 22
45 100
11 48
58 39
83 14
53 2
18 67
10 10
81 6
74 16
83 55
14 96
5445 4809 100
54 95
50 3
89 82
99 9
96 3
11 21
8 17
63 77
91 36
47 66
94 9
14 24
88 87
84 54
2 15
38 43
41 64
91 63
96 100
8 99
3 54
26 46
99 42
100 2
28 15
88 10
19 10
61 8
77 17
9 46
22 69
33 74
81 88
37 74
64 19
91 46
99 16
87 88
25 65
20 3
99 64
12 83
46 16
81 61
41 1
96 31
75 44
93 28
49 59
3 52
89 13
83 70
89 47
14 92
12 37
70 31
12 69
47 99
29 27
49 48
42 94
11 54
90 75
13 17
69 40
14 48
29 26
69 59
85 27
99 88
48 42
55 10
39 27
89 54
98 24
67 85
84 9
52 11
96 78
82 82
64 67
3 20
71 89
67 100
90 98
12 44
76 57
21 93
0 46
69 15
68 7
87 25
77 78
31 67
20 84
61 76
37 4
68 13
56 93
86 43
4866 4885 100
7 76
60 33
82 94
36 98
18 73
54 59
71 10
16 79
53 59
28 49
3 6
76 21
21 49
45 41
68 24
60 42
53 1
6 8
28 23
72 62
22 44
82 23
0 51
100 15
24 21
79 78
9 39
57 62
39 7
66 86
74 54
22 40
97 73
2 89
82 66
64 5
17 74
71 54
78 84
15 19
91 10
69 27
20 61
46 0
63 44
57 12
89 13
36 78
29 50
58 18
11 89
73 1
3 25
72 87
28 87
21 29
32 87
59 94
22 10
45 7
78 65
69 80
50 26
15 12
67 74
100 86
48 45
60 63
67 37
86 96
71 42
29 64
20 13
69 49
85 21
35 18
93 98
86 13
35 64
49 72
74 88
62 67
77 6
9 56
40 66
8 47
9 91
98 57
73 40
90 29
46 60
78 81
1 65
5 86
35 4
47 72
57 60
55 93
3 86
5 83
5410 4783 100
74 46
73 75
67 100
53 25
24 70
31 68
86 88
5 1
36 87
77 4
92 0
87 87
46 54
79 94
86 15
4 5
93 88
30 7
15 8
15 48
15 47
25 59
78 29
85 87
76 16
68 3
78 87
86 100
65 70
40 46
82 81
62 70
28 40
62 1
99 11
66 41
89 4
72 7
50 77
94 68
27 72
74 81
76 80
10 4
86 8
75 36
92 45
9 43
43 74
92 43
25 95
24 84
28 39
17 16
53 53
15 7
24 100
16 15
58 42
40 66
60 72
0 23
16 56
38 60
12 86
47 26
51 82
54 53
44 68
60 97
77 6
92 24
89 69
32 6
12 30
99 35
49 27
83 37
6 98
70 58
90 29
85 6
55 30
99 42
96 77
66 67
71 4
38 56
95 26
83 8
72 66
9 71
20 93
75 53
34 84
30 8
75 10
4 65
46 41
7 67
4725 5291 100
79 52
67 28
66 33
31 37
9 67
77 8
63 22
95 69
92 93
52 86
64 47
92 100
22 69
13 31
20 3
50 35
36 30
41 17
84 69
82 24
39 18
64 76
79 38
14 22
14 43
33 53
42 96
7 92
63 83
62 82
37 27
11 4
20 59
26 25
52 97
51 39
19 33
67 85
63 23
90 13
8 27
58 88
26 25
15 95
10 23
2 85
36 50
55 43
15 71
9 82
48 44
33 28
43 89
15 87
56 32
7 29
72 74
99 56
76 40
42 99
7 82
89 25
40 66
54 95
79 82
22 86
93 94
40 19
87 84
5 89
61 98
67 75
46 36
61 93
57 22
86 93
69 4
12 36
31 51
6 2
50 76
57 56
72 17
23 13
33 80
29 74
61 17
45 75
99 82
99 27
50 62
60 64
1 84
13 75
83 9
4 8
22 77
90 34
84 81
46 73
4785 5264 100
26 3
71 13
98 35
5 95
66 30
78 21
29 82
17 27
39 11
97 52
69 8
94 42
62 4
32 30
4 96
76 47
34 49
42 45
54 63
87 73
70 50
8 64
99 71
90 5
34 31
67 98
52 48
31 98
30 83
32 61
31 46
37 2
77 57
82 78
0 67
62 18
29 73
36 43
18 35
84 31
82 41
65 62
61 47
4 34
99 98
76 41
46 82
64 93
4 80
84 55
14 27
18 28
94 80
3 26
58 62
32 73
44 17
85 24
66 66
40 91
23 60
92 40
70 41
79 39
37 99
87 53
27 95
37 97
23 0
12 64
98 97
5 14
36 32
39 24
99 0
4 6
79 8
23 98
1 59
33 66
4 71
69 74
14 78
58 62
66 50
8 86
13 73
45 40
43 75
6 61
82 59
31 78
52 68
81 95
62 51
51 47
51 84
16 46
20 66
19 52
4605 5384 100
53 57
93 78
35 47
5 44
24 27
66 30
54 76
17 16
73 48
41 41
14 56
70 26
15 76
80 24
30 44
24 61
31 59
69 1
69 47
17 91
55 81
19 75
60 49
13 45
32 75
62 58
55 62
42 48
15 92
3 27
34 80
66 100
23 21
10 92
83 85
63 72
31 1
53 85
55 2
42 37
93 21
4 94
31 75
91 99
30 5
97 31
6 90
80 58
52 55
22 39
11 69
93 63
49 22
31 29
78 71
85 32
76 85
1 30
69 46
21 38
75 84
48 45
31 45
56 57
1 100
23 62
32 10
73 14
28 17
4 84
10 75
96 48
49 75
6 97
27 52
82 21
78 61
77 68
22 33
14 30
11 79
73 57
23 73
76 71
68 92
29 69
96 65
43 10
77 85
68 67
96 50
14 29
56 62
89 61
17 49
51 22
50 79
90 86
26 7
4 92
4763 5759 100
60 9
71 28
35 29
89 50
99 77
44 62
49 23
84 53
4 13
45 62
94 49
58 85
51 91
84 97
47 46
18 70
41 55
65 43
93 54
96 87
22 75
48 50
89 70
48 70
32 68
22 61
85 96
83 92
88 58
62 17
12 51
8 89
86 100
50 89
30 94
31 67
12 38
96 88
53 96
16 27
98 61
34 51
98 33
71 2
23 72
1 34
68 53
39 16
11 76
12 19
23 88
72 57
1 53
44 49
36 96
23 77
44 82
1 84
40 95
67 80
6 12
15 50
47 91
18 79
77 74
29 64
97 6
75 82
4 83
59 8
98 36
67 29
3 48
74 73
48 93
2 56
72 42
68 19
32 76
66 59
56 14
20 97
9 92
1 81
76 24
37 22
18 78
51 85
55 7
21 23
70 83
74 87
55 56
79 53
15 86
60 56
11 23
68 6
43 51
11 20
5121 4830 100
82 5
0 42
50 69
34 10
41 73
5 32
32 5
58 70
92 44
20 85
1 86
7 30
23 33
80 47
3 35
52 31
22 38
82 85
99 97
99 42
25 2
63 66
18 18
87 26
62 42
96 7
34 49
98 63
41 19
52 27
62 43
47 27
99 48
37 14
82 49
36 39
6 66
91 60
16 77
85 62
40 97
77 62
47 23
46 74
80 27
47 100
36 90
7 20
40 70
56 60
92 46
98 65
81 6
73 76
62 64
95 89
92 17
12 75
95 37
48 41
0 5
43 13
39 72
63 10
75 98
88 57
74 72
12 39
33 56
7 66
28 9
59 94
92 0
64 61
4 97
60 52
77 0
35 74
90 33
73 13
69 25
98 22
50 79
25 35
53 45
40 75
46 90
2 89
75 34
79 32
71 54
76 49
75 18
11 41
30 71
28 35
55 34
38 83
13 64
63 62
4911 4866 100
56 9
83 6
96 4
19 11
48 93
34 14
61 91
40 12
79 59
21 46
61 17
7 72
18 7
79 97
82 92
66 59
76 56
39 39
92 74
32 43
55 75
47 6
84 64
100 17
9 26
2 96
63 3
43 82
26 15
36 95
51 89
4 5
2 78
88 98
91 86
9 11
68 16
73 92
13 0
23 21
67 1
39 55
41 24
2 13
45 98
59 97
1 81
11 7
30 37
69 75
84 96
94 58
0 24
7 64
65 70
92 60
84 98
85 86
64 68
32 17
72 78
100 6
23 43
15 30
93 9
45 97
37 78
36 66
4 87
56 95
67 10
32 1
18 66
63 84
38 41
32 33
90 11
67 59
98 46
91 35
31 37
24 42
80 23
69 58
86 27
50 71
55 87
1 80
6 59
31 26
12 5
10 50
60 30
71 68
75 58
28 71
91 17
58 57
61 32
30 46
4892 4889 100
77 84
82 85
99 34
6 92
58 67
65 33
78 93
31 98
99 48
10 59
94 91
33 1
39 11
41 100
80 31
2 7
19 63
83 26
73 57
54 11
100 70
85 44
24 68
68 45
3 6
85 98
55 52
81 85
26 39
53 41
0 12
22 3
83 24
29 22
6 45
75 9
26 9
17 54
4 24
92 6
54 27
46 63
2 30
33 71
84 78
30 12
57 68
47 4
80 92
61 88
50 93
68 53
77 82
16 49
91 81
65 65
69 4
57 55
73 70
35 12
38 2
0 8
79 1
20 30
3 39
71 96
31 19
79 34
78 86
64 32
23 63
43 60
36 42
35 83
83 65
79 78
29 93
99 87
7 68
60 54
68 10
34 87
26 71
22 74
28 69
30 21
68 25
87 36
28 93
11 91
33 3
79 43
64 70
53 35
30 3
8 54
12 9
33 63
63 85
3 69
5060 4873 100
75 82
3 82
3 46
31 55
63 32
78 48
72 25
59 58
43 33
38 87
69 55
85 62
54 98
40 40
40 39
48 49
97 56
79 52
30 91
53 88
74 90
98 45
11 66
2 42
27 24
94 27
10 67
53 49
65 23
66 26
82 20
65 1
96 18
68 0
18 44
53 50
60 68
12 15
62 15
66 83
54 71
62 27
51 50
97 17
83 41
72 37
25 7
16 69
93 76
95 69
24 34
37 6
9 44
33 8
7 71
81 27
59 75
42 97
60 20
84 42
40 44
35 91
97 30
43 64
56 72
31 28
63 76
85 74
22 32
24 53
76 72
72 100
61 82
43 54
31 13
53 85
20 82
41 13
38 83
57 32
79 19
40 61
40 37
3 64
60 76
55 23
95 33
38 17
74 75
19 94
3 45
27 36
82 14
6 43
19 84
28 34
23 66
63 6
42 30
78 48
4960 5731 100
10 23
69 90
95 74
63 11
94 89
30 88
87 27
17 47
89 12
11 69
46 93
47 43
54 22
32 35
92 85
2 91
54 2
19 1
91 44
65 65
82 61
92 38
92 78
8 66
49 68
11 43
13 59
6 67
75 12
96 61
21 97
82 68
35 73
29 55
96 8
72 46
91 71
55 93
47 43
84 35
4 54
37 47
34 31
0 44
78 93
64 41
3 50
44 79
87 91
31 24
31 54
45 89
68 37
5 34
48 77
91 48
58 99
46 47
73 96
37 88
84 71
39 36
78 87
70 67
0 96
66 98
43 92
12 68
25 61
76 86
93 44
56 78
91 99
76 84
6 25
65 11
7 13
72 97
44 52
99 88
87 22
64 77
2 78
17 84
34 53
23 11
37 50
46 18
49 60
10 16
16 99
51 10
77 17
6 62
68 56
61 58
12 40
51 83
5 69
70 77
4689 4488 100
54 52
63 86
51 65
28 13
50 32
59 41
35 71
97 59
18 44
49 88
9 7
6 68
18 56
64 73
76 23
24 39
77 2
52 28
68 37
17 18
55 69
2 79
12 3
95 80
57 29
14 55
22 16
96 26
17 73
46 39
65 77
62 17
28 36
57 9
57 70
38 25
2 48
99 59
78 98
40 23
88 83
78 64
57 17
25 35
70 21
34 48
88 5
34 39
61 92
9 95
73 8
91 32
82 29
39 4
30 54
22 25
33 93
100 80
46 8
17 80
50 63
20 22
80 45
26 35
15 11
41 71
21 37
92 44
69 34
22 34
69 53
12 45
59 23
28 45
65 69
92 32
23 26
6 47
42 74
10 56
64 75
95 10
1 90
91 77
19 4
31 90
4 66
68 40
100 25
33 6
12 81
73 6
3 23
10 65
29 49
48 62
58 5
58 37
86 56
71 82
5455 5072 100
78 31
75 64
34 33
29 25
70 80
9 52
75 11
34 36
11 16
77 73
75 51
22 100
54 15
41 73
93 20
17 76
23 21
86 60
18 96
83 62
61 42
77 8
92 56
90 24
59 90
33 12
29 71
41 3
72 2
50 6
57 69
92 19
80 58
42 70
16 35
69 80
15 79
63 4
1 82
33 3
1 53
61 98
82 56
45 40
44 32
3 28
87 29
16 17
27 69
56 73
9 46
84 87
73 98
42 53
55 57
55 27
23 0
66 39
86 98
50 19
93 85
60 8
84 68
25 61
24 47
71 76
44 39
36 67
66 37
56 19
32 30
76 89
21 14
45 66
89 84
29 43
34 91
24 46
73 63
96 77
99 91
84 98
87 42
68 84
89 68
22 90
59 98
97 72
99 31
98 53
79 14
38 16
51 42
98 53
36 8
22 86
61 81
81 40
84 33
13 97
5049 4845 100
10 94
91 31
96 50
50 42
51 5
78 89
31 30
56 90
17 2
26 20
54 30
2 20
69 40
23 30
18 90
73 86
25 49
86 59
82 2
22 67
52 16
73 20
64 81
81 96
8 16
36 14
52 50
57 51
71 68
31 83
97 94
43 12
55 28
47 49
26 55
43 38
74 36
51 21
43 84
54 14
52 87
73 27
56 44
87 23
98 20
78 81
80 48
31 99
48 43
92 13
19 80
78 65
35 82
49 65
84 20
2 83
81 55
49 64
17 56
59 66
25 62
48 57
2 85
39 24
72 11
67 100
83 56
100 31
34 1
76 37
57 78
17 78
40 31
64 33
48 81
41 41
2 66
3 23
24 65
40 25
36 54
91 59
24 6
43 25
64 50
67 54
35 40
40 90
52 64
45 37
98 60
69 48
81 2
20 77
85 31
32 46
92 40
27 79
48 28
63 2
5459 5469 100
47 23
100 57
27 82
95 61
83 11
25 35
68 83
89 32
89 13
39 26
19 71
92 65
17 63
19 80
19 88
22 84
88 54
53 0
51 24
73 99
46 36
84 53
41 73
96 87
0 20
58 60
38 46
86 31
93 96
57 65
5 62
83 48
33 66
34 76
88 91
88 43
76 64
66 37
81 34
57 45
75 88
67 92
72 30
99 67
100 51
46 82
99 19
3 65
10 65
48 61
16 8
31 46
46 44
20 49
97 64
38 9
31 46
72 75
18 75
72 33
70 28
59 25
74 90
58 89
4 89
63 33
64 49
42 4
21 70
95 39
43 100
56 99
87 3
11 77
99 4
59 93
76 98
32 84
38 41
30 57
56 56
59 12
60 100
87 32
16 56
15 26
30 18
36 59
47 90
38 40
64 57
94 52
40 64
100 94
13 92
31 16
98 83
40 90
59 47
74 36
5172 4733 100
46 68
92 83
85 14
24 60
47 88
69 75
5 96
17 56
100 0
70 5
6 31
27 26
91 91
8 91
48 19
85 59
86 30
9 43
33 85
72 84
10 66
8 9
49 21
18 57
27 19
55 59
4 38
50 39
62 24
89 91
96 49
63 76
58 10
36 34
80 33
55 91
40 64
72 20
49 22
27 78
80 30
92 98
3 60
64 56
36 18
34 78
91 35
38 33
24 66
69 0
1 12
31 1
62 6
85 99
70 100
10 80
12 44
66 42
31 22
59 48
56 76
68 40
79 32
77 54
17 54
79 5
72 63
46 61
73 11
15 41
67 60
47 11
76 76
29 12
74 27
51 15
11 82
89 4
4 29
58 97
70 19
71 84
34 82
47 16
74 25
90 55
67 14
3 24
60 96
6 50
57 24
80 41
90 93
93 28
56 68
45 85
73 77
12 36
90 65
89 76
4598 5333 100
46 36
28 39
48 80
62 62
50 66
84 24
25 91
33 69
34 52
33 100
20 85
31 8
12 11
6 87
41 47
96 63
47 83
51 97
35 99
32 47
43 16
46 60
77 13
81 4
83 6
63 18
20 27
43 79
81 13
98 71
90 14
62 35
53 91
8 87
1 23
81 88
41 91
19 96
33 71
0 39
75 70
11 93
13 18
61 94
6 95
90 75
37 67
53 45
79 32
95 91
33 87
81 18
39 17
22 100
45 13
89 92
26 39
46 31
1 71
19 50
2 76
18 1
8 16
49 71
78 68
41 81
97 66
59 57
38 75
12 32
56 22
62 100
32 9
90 57
14 2
27 57
61 57
70 43
74 4
21 77
30 43
3 51
47 56
0 14
82 38
98 45
54 78
74 43
75 65
83 35
86 27
93 75
29 50
19 10
65 89
1 45
30 67
62 53
48 66
41 40
5137 4921 100
23 49
47 17
35 34
54 82
32 92
10 71
31 9
75 74
28 51
13 30
31 9
93 25
65 36
66 72
44 88
44 65
25 36
74 24
91 2
30 68
49 96
31 52
89 98
12 63
86 82
24 77
5 81
66 15
54 39
20 89
47 55
99 42
37 30
91 40
45 40
11 42
98 21
47 45
49 25
28 46
56 0
13 12
30 26
9 50
24 52
92 38
88 7
25 26
82 89
89 49
9 72
18 48
47 14
33 52
56 94
100 36
91 92
22 27
36 35
29 81
13 96
80 99
90 92
34 28
98 32
70 9
21 47
50 30
19 75
35 27
82 6
0 40
99 47
79 82
7 2
98 20
26 51
98 82
64 64
43 74
24 23
71 85
72 28
99 27
73 1
53 94
8 15
74 71
57 91
44 35
61 74
100 85
66 11
58 37
75 84
87 58
89 66
0 79
81 10
21 53
4868 4908 100
77 10
34 64
78 38
67 73
48 100
43 57
7 11
35 30
76 94
60 27
86 89
32 2
40 90
26 15
77 94
100 30
3 73
82 38
18 35
61 81
70 47
35 97
62 56
36 57
37 41
9 63
16 79
96 76
11 32
50 71
45 94
93 65
7 0
70 41
91 48
86 32
43 23
81 60
6 55
44 31
37 46
27 44
63 0
14 27
49 56
96 20
14 41
47 10
74 43
12 82
79 48
22 6
89 17
47 50
20 6
52 72
20 11
87 20
12 67
40 68
50 88
70 82
68 74
80 91
62 92
61 53
53 88
10 58
1 52
58 59
45 71
57 3
48 84
27 67
51 27
73 15
68 53
72 64
82 29
45 40
34 25
72 65
92 72
60 95
37 27
16 44
48 63
43 19
49 52
4 8
53 10
68 12
11 85
8 53
25 47
37 54
46 79
52 9
73 57
48 56
4754 4893 100
82 76
70 55
67 35
51 67
25 12
41 46
39 31
12 63
39 90
53 1
55 20
23 61
29 7
56 77
66 59
59 23
14 47
6 92
100 70
87 2
18 41
19 68
48 44
44 7
44 70
33 35
19 34
73 13
50 74
67 88
33 33
85 55
83 27
37 11
43 18
90 49
25 47
25 83
22 33
11 97
3 71
62 62
14 70
47 21
9 45
96 92
65 80
58 20
87 28
22 43
23 83
24 15
91 63
70 30
0 39
47 81
84 99
45 13
76 61
33 41
0 76
50 48
72 87
30 63
80 29
20 20
68 5
28 4
56 6
18 51
13 39
71 70
92 99
14 43
30 54
60 10
11 90
21 41
85 91
74 27
56 77
38 6
63 38
89 72
95 27
34 61
35 62
7 23
49 1
74 50
42 97
70 25
98 97
40 35
95 92
12 57
68 97
70 64
55 98
19 66
4752 4426 100
43 13
62 73
53 0
43 43
92 43
26 28
25 10
32 4
55 53
70 24
86 5
36 52
64 94
80 7
87 77
45 68
83 75
70 3
87 25
42 55
31 16
87 56
52 56
39 36
15 55
60 97
77 8
51 74
14 75
32 16
58 56
31 81
44 41
85 51
68 13
3 96
74 51
68 95
14 76
26 42
65 54
61 26
93 77
3 83
74 15
87 84
5 38
83 92
54 33
6 31
41 15
29 25
25 63
24 5
8 82
7 16
31 36
95 14
15 61
50 35
11 16
5 53
90 30
89 2
33 20
40 84
35 57
69 72
50 0
15 18
48 90
47 58
26 49
61 65
43 86
50 13
66 47
57 76
45 46
93 65
0 50
34 9
7 4
54 60
49 57
47 89
29 54
79 56
52 10
7 40
65 68
47 48
59 73
77 87
25 9
74 15
24 14
42 5
47 61
43 86
4238 4834 100
16 16
39 88
39 9
19 85
47 55
57 49
60 55
72 41
22 54
0 49
44 33
43 74
1 85
91 11
2 48
93 35
16 71
43 57
27 85
53 77
70 27
34 45
60 67
60 85
68 65
59 0
35 98
41 68
25 86
35 22
54 87
10 96
41 91
52 79
4 87
80 77
44 7
18 83
61 13
27 47
72 7
19 79
85 5
24 24
93 5
35 23
18 42
83 26
48 15
78 64
89 19
9 14
16 10
82 42
13 80
18 55
76 80
72 51
11 87
12 48
20 35
29 17
39 61
65 45
13 97
41 25
2 5
65 61
80 32
2 83
62 2
4 28
90 7
43 45
23 20
18 23
65 33
40 95
6 0
51 24
9 37
78 48
92 91
23 19
41 42
98 68
12 6
94 73
31 95
79 63
18 40
40 50
60 95
6 38
32 39
39 67
18 60
55 71
30 10
21 27
4772 5680 100
2 39
88 0
82 95
69 93
72 1
27 69
60 68
26 68
98 19
39 92
48 98
76 83
46 58
17 100
53 41
79 33
96 26
66 78
18 32
77 82
15 72
49 40
28 88
27 81
74 93
4 81
88 78
55 55
58 81
90 73
91 26
92 48
50 65
93 65
24 35
45 53
72 7
74 81
23 50
39 45
9 74
41 36
92 40
85 47
3 16
57 77
34 16
89 12
98 68
92 90
14 99
33 79
27 99
39 62
4 38
8 69
61 60
39 100
11 100
48 65
48 57
66 66
77 85
75 14
46 85
33 38
96 54
7 61
16 22
37 23
66 27
42 89
30 55
46 46
85 18
37 80
8 78
4 31
74 55
93 23
16 34
54 52
48 97
20 77
42 40
34 51
21 75
55 65
66 98
34 45
4 28
64 72
0 2
49 91
49 40
41 76
71 11
30 7
17 100
45 28
5037 4977 100
22 46
54 59
43 93
39 86
19 47
76 33
32 71
0 31
84 74
54 100
44 19
83 67
8 2
5 15
95 81
35 73
21 73
86 20
80 82
24 19
70 93
99 94
18 57
90 30
88 94
78 1
34 91
65 78
3 100
19 88
7 9
100 54
1 34
97 63
58 43
89 49
96 81
8 78
40 10
73 23
55 54
11 13
90 14
51 16
83 99
5 91
80 21
51 51
29 47
14 4
83 73
0 76
81 99
74 14
68 71
92 30
94 15
93 11
30 51
36 41
25 73
44 46
71 62
17 0
93 75
78 72
82 60
0 34
31 85
20 41
48 77
66 80
17 40
30 3
92 7
83 88
89 98
60 0
24 91
31 19
98 74
59 33
71 5
65 36
59 18
4 34
31 45
71 64
37 24
50 3
75 53
32 78
0 35
26 40
20 1
48 5
96 38
60 94
4 70
51 16
5148 4976 100
33 4
63 35
85 67
36 83
53 42
64 75
25 67
99 7
79 77
23 5
92 69
76 88
10 0
58 79
12 19
0 39
52 85
8 49
34 52
38 54
43 24
32 7
11 60
94 48
99 88
77 21
83 45
24 1
53 90
64 78
46 25
39 84
75 10
70 24
24 31
69 73
43 61
1 84
86 62
35 29
8 62
11 63
15 25
14 90
46 73
94 41
93 74
21 95
63 53
96 55
80 75
93 58
27 88
36 70
82 37
49 57
95 0
15 71
76 77
86 24
93 87
56 88
41 10
12 40
20 63
57 30
25 5
79 69
13 55
50 24
97 100
51 89
69 66
59 5
89 6
72 37
39 89
8 54
46 44
96 36
86 80
1 42
9 27
76 41
84 82
79 32
6 83
87 56
83 40
38 60
25 18
14 27
94 47
95 18
31 74
61 18
3 33
83 37
16 32
24 62
5190 4631 100
45 12
69 14
77 30
40 90
49 37
97 98
59 31
77 32
63 28
87 48
82 23
67 20
84 82
47 59
82 71
9 83
79 43
61 60
54 79
37 8
72 27
63 84
90 82
37 82
60 41
24 97
29 9
91 69
15 15
17 79
96 61
19 20
69 37
91 14
40 83
56 63
13 11
22 56
72 70
78 90
39 8
35 35
90 0
59 34
62 15
100 20
65 18
20 89
74 31
50 13
78 16
9 42
37 53
36 37
24 82
25 86
1 21
11 4
77 34
24 52
66 29
10 90
11 53
54 63
32 90
19 58
10 34
82 0
97 100
96 96
53 75
92 11
44 74
40 18
3 35
45 7
72 71
78 37
78 75
16 41
21 40
12 34
51 46
63 10
77 25
43 27
26 75
48 60
87 50
51 25
29 30
25 7
34 62
86 99
97 3
79 69
99 95
13 98
27 28
7 69
5302 5505 100
83 41
54 57
97 50
80 89
21 33
64 10
32 42
26 65
20 74
56 25
43 58
67 33
67 55
49 25
83 94
4 66
73 99
91 99
14 63
5 2
67 61
11 96
67 48
28 37
88 39
77 98
60 48
60 2
91 21
31 76
78 35
75 4
47 46
31 78
87 79
83 22
6 83
19 89
43 13
31 71
84 69
33 56
74 10
60 39
53 51
93 98
17 57
63 49
79 65
72 60
61 17
38 29
44 4
20 25
0 86
66 72
94 69
3 89
57 3
41 62
21 80
13 55
100 14
31 94
22 98
62 73
66 58
62 15
90 79
32 44
56 69
83 20
23 40
81 60
45 54
0 73
98 72
71 91
73 59
43 82
83 95
78 64
41 86
6 97
31 94
100 47
36 88
56 73
88 93
79 67
57 8
31 5
83 81
92 68
3 88
60 34
17 38
14 23
86 8
70 14
4797 5538 100
46 77
97 96
14 90
87 92
63 95
82 85
24 92
89 77
15 70
4 33
49 26
22 46
33 60
53 37
73 78
75 16
70 54
43 46
99 18
81 71
28 42
43 85
24 92
84 96
40 62
71 11
43 73
40 95
73 97
80 41
73 21
91 57
35 49
31 40
68 94
60 73
5 8
54 49
7 24
50 72
65 26
20 22
68 98
93 33
94 57
11 62
54 44
18 67
11 99
0 18
25 53
85 62
65 75
37 49
18 84
83 65
37 71
93 60
43 64
22 60
13 47
30 66
30 37
17 1
9 79
24 18
78 14
26 88
81 72
41 12
36 9
11 6
90 66
15 21
81 45
24 81
29 14
47 47
35 98
36 89
36 12
32 83
5 96
13 76
45 81
94 76
25 100
81 58
93 13
73 13
76 3
43 48
51 55
18 50
99 64
12 80
31 79
60 9
50 1
72 39
4951 5190 100
37 24
35 49
64 18
95 16
91 30
36 34
95 40
14 88
1 63
50 23
18 36
98 1
77 92
22 52
40 55
31 92
10 49
45 16
63 27
64 10
26 61
44 16
17 46
28 75
87 51
76 12
37 41
22 93
28 59
99 59
48 79
9 4
24 64
64 89
53 21
67 32
76 59
51 15
83 61
12 70
53 85
5 22
64 7
33 69
71 96
98 62
86 4
31 23
22 92
26 4
6 17
44 100
11 4
84 53
10 70
9 59
95 65
29 16
35 85
76 14
82 90
44 86
20 56
62 29
43 100
86 12
17 60
16 83
14 19
46 65
40 85
93 9
100 76
67 23
33 85
61 99
88 82
97 57
48 83
43 71
0 50
51 64
18 76
27 32
71 62
79 63
16 13
52 77
60 54
80 99
81 72
75 98
9 84
91 20
79 68
55 28
66 37
97 100
12 68
46 37
4585 4853 100
2 72
100 7
2 67
79 97
86 40
56 64
0 62
93 11
5 0
50 4
99 78
44 88
30 95
54 80
54 33
43 55
66 76
53 27
71 76
68 4
30 74
23 22
78 47
65 22
39 56
26 56
17 33
13 54
48 89
40 55
82 28
69 21
32 44
30 33
86 80
42 38
86 6
9 10
23 70
66 96
33 71
0 55
77 18
42 100
25 36
96 78
66 29
82 44
5 100
4 28
0 46
16 2
32 61
37 85
9 32
0 84
18 22
1 83
27 32
50 47
0 86
47 4
20 87
19 33
1 68
86 0
29 51
90 25
0 15
77 8
94 0
66 27
71 76
86 29
43 92
97 75
16 59
24 25
33 99
76 19
40 62
77 40
34 11
28 77
59 59
82 29
35 61
87 70
75 69
43 55
34 1
54 99
90 87
28 14
1 27
70 57
46 26
49 68
59 23
52 67
5521 4869 100
21 8
83 26
18 94
56 85
24 5
38 31
20 44
65 48
35 23
66 1
85 19
93 44
84 22
15 61
92 55
57 21
4 97
81 84
32 44
18 78
52 14
60 4
76 85
93 44
38 86
17 16
0 6
56 35
61 58
13 75
75 99
31 1
93 4
97 59
57 12
45 22
63 59
63 76
82 1
20 10
88 92
84 58
93 21
91 81
70 85
53 20
57 6
84 34
83 53
71 87
94 99
65 67
98 74
45 65
84 92
95 79
26 99
2 49
63 22
90 16
55 2
90 62
34 71
43 23
2 63
99 67
63 10
41 51
36 66
79 6
59 43
69 34
87 77
48 40
24 35
53 80
53 47
54 29
34 22
66 0
45 21
43 76
51 43
79 76
70 77
0 34
53 59
57 53
23 88
31 56
55 94
98 59
59 59
75 66
75 68
0 49
3 34
19 66
80 85
26 63
4502 5129 100
6 78
77 24
13 61
55 23
21 74
15 13
94 42
72 74
46 93
6 20
28 87
25 29
85 30
92 62
94 86
99 25
10 18
8 2
39 38
22 88
65 82
7 73
73 99
33 28
2 15
42 64
57 11
5 91
7 50
60 9
65 80
93 11
9 32
73 67
93 62
86 87
64 77
44 78
4 86
30 12
42 61
39 56
36 77
34 28
57 87
48 37
85 47
21 15
4 78
95 28
69 27
53 71
25 80
25 91
66 47
92 0
64 65
7 41
38 82
28 78
63 16
76 99
15 27
100 26
7 62
18 47
48 44
43 39
59 83
34 27
30 37
5 57
75 23
32 98
10 30
11 50
60 83
63 79
5 41
74 0
91 49
5 100
100 25
87 9
73 73
31 82
46 84
88 79
17 8
33 20
59 50
44 25
25 0
43 87
39 68
11 28
54 57
27 23
41 26
16 86
4816 5067 100
7 79
7 91
35 61
11 37
20 58
43 49
92 18
79 66
86 22
93 11
56 30
95 42
54 73
68 69
74 75
1 98
91 6
11 88
0 51
35 61
0 5
21 58
37 28
15 57
0 81
99 8
60 100
87 32
49 41
68 96
75 79
21 9
99 30
78 96
78 86
71 83
13 98
54 93
22 0
80 6
59 81
50 91
16 47
58 81
24 94
69 54
73 35
49 37
69 87
31 34
15 42
54 67
81 95
79 8
68 58
75 64
45 85
6 0
24 25
62 76
16 63
73 94
17 25
89 81
43 75
19 17
38 88
46 54
93 57
7 21
18 50
29 23
66 37
41 57
56 52
71 87
25 63
63 12
64 33
31 73
88 13
55 8
8 61
22 64
2 5
70 28
3 30
65 59
63 71
85 58
2 27
31 14
13 82
95 41
71 8
29 31
94 26
16 16
77 34
48 8
4772 5273 100
95 99
65 30
9 85
4 66
14 49
52 100
44 65
27 96
88 29
70 68
0 0
46 50
44 71
24 3
8 20
1 55
22 13
50 51
75 65
28 58
24 65
8 68
14 14
79 75
87 48
3 29
96 37
77 10
12 66
16 23
17 100
87 21
87 76
56 68
5 2
62 24
4 77
86 56
46 13
63 79
91 11
15 84
38 77
57 40
70 52
84 92
77 89
98 68
34 3
99 23
42 77
52 98
70 91
28 22
27 98
39 44
16 92
83 54
68 46
33 44
81 79
67 3
69 40
95 84
20 89
51 69
55 13
51 99
16 49
93 100
75 90
48 3
71 94
12 15
25 48
33 43
32 2
3 5
27 27
7 46
78 12
94 1
41 82
51 13
7 4
21 57
94 77
1 61
98 71
56 80
31 76
40 16
54 71
100 82
76 80
5 87
68 28
9 71
81 77
88 17
4926 5151 100
43 50
76 52
84 84
44 47
37 37
35 20
96 60
36 79
29 41
83 4
5 90
35 21
21 89
21 63
89 33
45 26
74 22
75 23
46 37
32 41
45 94
60 29
48 72
95 73
54 62
51 84
64 98
39 31
17 71
80 23
56 82
80 90
10 80
88 70
75 96
60 75
28 56
52 53
13 48
79 64
66 45
70 30
62 64
26 86
96 29
9 92
68 33
43 67
90 67
48 15
24 31
28 2
13 56
0 70
60 77
34 93
50 63
58 10
50 32
82 93
22 98
68 31
78 37
43 42
93 47
64 22
68 65
88 8
5 71
73 74
23 85
22 69
85 97
37 9
59 42
64 13
49 14
12 30
79 84
60 7
26 99
73 77
23 67
15 39
7 59
26 75
24 59
54 0
25 42
95 58
6 51
58 15
60 47
64 97
66 49
78 25
63 12
40 37
15 50
56 77
4554 4305 100
69 10
61 2
50 37
14 11
0 36
45 8
11 80
9 86
41 13
52 56
98 25
13 58
40 88
32 55
53 30
44 24
97 14
77 28
2 25
84 33
75 22
74 60
24 56
37 17
93 4
9 78
0 62
17 76
68 94
52 85
73 28
52 43
81 46
64 92
5 41
42 96
40 14
68 31
15 15
49 80
51 73
85 82
57 11
79 5
46 65
77 52
6 91
63 30
68 66
83 73
94 33
70 16
80 30
16 97
4 86
71 26
45 1
32 83
84 1
88 95
6 42
59 63
77 44
43 41
48 4
2 83
48 37
24 16
23 73
90 83
25 99
99 60
5 7
93 34
18 22
53 63
13 72
2 59
22 7
31 43
60 53
27 13
96 87
43 7
31 29
78 12
28 30
95 40
4 40
6 0
18 6
31 61
1 23
35 11
61 3
29 46
52 31
96 5
38 80
93 43
5036 4826 100
5 40
40 55
74 87
94 35
52 90
83 78
35 67
29 56
14 98
80 57
56 88
57 48
74 83
26 61
31 56
98 67
42 50
98 1
24 92
96 41
79 0
30 4
22 13
31 33
43 13
50 5
13 72
26 88
88 83
81 52
90 12
62 73
98 69
76 2
77 24
31 43
48 61
87 84
5 11
18 47
6 64
5 99
12 24
50 0
36 49
51 23
60 2
5 14
6 91
41 9
28 98
74 74
58 52
77 80
49 3
21 89
31 34
12 7
12 54
76 9
96 10
35 94
97 41
77 91
80 29
45 58
38 56
42 4
100 17
29 24
12 44
40 41
74 85
70 18
77 71
45 36
70 73
25 46
27 43
49 47
88 67
83 50
33 30
19 57
88 3
70 66
66 79
33 88
28 54
71 82
61 8
48 29
6 23
6 35
59 41
82 82
86 41
0 63
78 79
45 28
4661 4662 100
40 12
95 38
49 34
30 62
80 5
34 19
63 0
94 5
47 94
13 65
9 2
85 5
31 7
39 95
42 25
9 49
52 70
35 22
67 43
33 52
59 71
23 23
41 91
45 47
55 41
64 85
20 19
52 78
55 41
27 91
99 25
25 100
19 60
94 59
11 56
51 78
33 3
3 81
23 56
19 38
42 52
5 67
24 24
78 3
97 1
42 12
36 85
44 74
65 16
45 41
61 48
59 18
94 12
100 63
66 18
5 57
87 13
15 50
29 55
93 70
36 72
83 22
84 8
35 68
35 81
37 52
72 27
97 37
49 75
49 87
56 16
63 5
95 44
21 8
50 92
22 77
20 38
49 72
18 20
10 68
10 64
34 70
23 36
50 65
42 67
30 32
4 42
63 89
40 58
37 30
89 79
20 54
93 51
79 34
47 72
45 9
64 52
9 67
53 20
10 93
5058 4999 100
60 54
84 83
35 79
47 6
55 7
22 92
0 88
50 57
49 32
69 48
75 18
89 65
69 63
33 21
52 71
18 30
31 9
68 69
93 41
28 77
66 24
49 35
83 84
84 86
4 71
25 32
66 75
71 86
20 85
66 50
70 64
69 83
25 28
31 0
16 74
77 82
16 57
37 99
20 15
59 40
77 30
59 69
15 51
98 53
78 41
30 55
65 11
29 63
61 53
6 49
19 2
39 16
62 44
50 35
69 96
81 28
19 36
4 71
72 90
5 38
76 23
1 42
26 58
57 27
42 3
98 93
9 70
25 46
85 74
15 35
60 88
63 21
1 50
81 30
41 10
92 68
89 55
92 17
10 49
74 69
60 23
79 55
90 75
80 27
82 25
11 44
49 87
41 23
26 23
42 37
97 62
61 57
45 24
78 48
54 75
31 98
54 98
61 83
35 30
38 59
5239 4833 100
61 38
55 4
98 16
6 21
50 6
52 3
42 45
17 85
49 11
42 62
17 15
73 68
53 71
85 70
62 89
60 6
21 42
96 65
86 31
70 9
32 57
16 39
20 21
32 88
91 34
4 71
14 83
16 48
78 11
16 4
100 50
93 41
83 98
98 94
99 69
41 8
65 40
3 5
20 42
43 17
47 73
92 65
44 10
93 87
20 59
77 44
92 46
75 83
70 38
88 91
29 3
51 66
50 33
3 52
58 76
88 23
70 75
90 43
53 48
42 93
90 43
39 60
96 17
43 1
86 69
45 83
34 48
18 24
85 5
30 72
80 98
7 59
36 61
76 8
91 60
51 90
97 29
48 36
58 27
92 54
6 33
58 77
25 97
32 88
84 39
22 79
42 50
24 2
13 77
78 9
54 19
77 56
30 83
46 91
54 39
33 100
36 74
86 66
28 38
80 46
5362 5283 100
71 71
55 7
38 20
76 19
97 77
8 85
18 87
68 61
53 82
97 69
79 95
54 39
11 100
26 82
38 92
16 70
71 13
41 46
47 71
11 95
71 71
35 43
23 80
73 32
10 70
26 61
42 85
50 83
93 1
15 31
81 38
21 5
21 43
57 94
80 32
79 94
27 96
24 88
98 2
88 56
61 87
85 93
61 5
27 48
77 12
79 64
93 14
69 13
26 94
68 1
13 38
86 44
87 62
40 45
68 9
84 8
84 90
32 42
10 46
2 44
38 37
100 80
4 97
95 81
7 55
25 44
95 69
65 38
69 90
41 17
9 86
63 78
86 5
1 44
9 3
61 1
73 53
96 96
60 73
97 98
86 31
50 55
71 5
63 6
14 96
47 51
56 94
21 26
90 16
85 14
56 29
29 88
85 68
45 16
18 0
38 29
83 98
89 72
20 59
97 62
4855 5186 100
27 24
6 43
95 7
85 25
73 10
49 98
86 91
0 89
74 99
62 99
37 87
15 32
18 29
64 8
3 11
65 58
64 81
95 41
20 98
41 5
87 71
20 27
91 77
87 76
32 1
17 4
37 76
20 19
91 21
60 33
24 14
28 23
47 70
96 75
53 75
24 72
61 51
77 59
60 29
10 89
67 33
46 25
7 7
67 22
16 74
67 55
27 24
30 63
16 49
76 7
74 71
4 67
91 38
2 58
76 51
22 32
99 44
67 23
8 79
100 72
78 89
99 91
39 69
91 100
14 94
40 29
89 11
17 72
9 0
12 85
55 58
37 99
33 7
19 95
31 53
34 3
93 75
74 84
6 97
79 51
32 6
1 91
10 43
43 61
36 21
70 18
73 66
14 29
40 76
86 23
58 56
54 51
66 53
78 77
99 52
7 46
69 93
76 89
9 97
15 28
4608 4894 100
19 19
19 45
63 66
26 22
92 12
22 11
47 41
98 83
42 34
67 48
3 39
27 1
74 31
69 85
47 17
39 82
99 42
8 71
42 65
60 32
94 78
70 36
84 73
65 70
52 33
1 38
79 58
13 9
17 43
60 98
19 85
0 57
28 45
44 14
57 66
35 81
43 76
39 16
41 64
14 68
94 72
26 86
60 100
40 26
27 95
28 72
83 70
93 36
84 52
21 59
31 34
3 71
4 58
56 48
55 37
44 3
40 38
89 22
40 0
17 59
48 2
16 34
38 6
46 64
43 42
16 76
38 21
15 13
97 7
33 76
83 33
65 44
93 85
37 35
92 37
29 7
89 53
5 95
66 69
52 20
35 88
44 65
84 21
28 78
62 98
0 21
50 85
14 44
0 43
58 57
61 1
0 53
92 37
19 9
63 78
92 97
66 37
5 97
87 74
30 2
5077 5280 100
4 36
22 65
73 91
67 92
71 66
83 61
55 77
30 23
6 43
37 93
79 22
80 28
24 100
41 27
35 59
17 35
89 59
51 96
96 51
61 49
9 89
59 72
87 13
65 46
42 41
83 17
18 85
2 17
32 63
0 98
96 18
79 16
61 52
79 50
100 15
25 94
22 51
12 73
84 17
25 41
55 9
88 83
37 91
62 40
12 21
63 3
82 89
89 35
35 5
92 60
70 37
38 42
54 68
80 15
98 54
69 48
9 88
8 95
37 97
74 80
42 13
14 8
65 60
27 95
93 3
26 89
47 40
54 92
94 55
62 96
3 44
36 87
72 11
10 73
56 5
8 85
59 89
68 70
42 48
27 17
58 41
79 93
94 44
99 7
83 83
24 72
16 46
38 55
88 7
42 34
45 34
39 57
32 85
70 49
29 35
74 81
6 33
100 45
16 87
32 9
5553 4934 100
44 99
94 51
27 21
82 72
69 83
60 83
64 11
27 89
83 83
2 62
39 76
27 43
68 10
25 12
38 37
91 17
24 49
23 85
10 71
78 97
61 12
75 97
30 77
7 72
67 37
57 67
87 70
70 42
94 80
78 35
94 48
96 1
94 78
94 42
27 67
7 43
36 44
79 12
85 62
31 13
38 35
50 5
81 59
88 33
90 51
38 27
16 63
77 7
47 81
93 10
82 31
85 72
84 16
44 97
75 98
100 37
84 52
74 20
95 61
68 19
48 48
77 34
3 53
79 87
86 72
9 26
27 76
83 97
93 27
74 0
88 22
46 22
6 0
53 22
37 53
26 43
37 27
52 47
81 93
60 54
0 11
47 15
54 85
23 50
24 93
82 5
67 51
99 28
68 75
47 53
63 84
34 66
46 74
32 54
37 10
46 22
1 96
19 45
40 87
64 0
5435 4915 100
34 48
89 58
5 86
31 46
100 63
75 4
86 21
85 45
85 81
78 72
92 33
71 86
24 63
91 44
70 1
74 78
11 18
12 68
10 0
52 53
49 26
24 23
63 41
75 54
86 42
55 50
75 47
74 7
1 16
45 85
86 87
17 81
49 66
65 83
86 17
70 71
81 28
27 43
76 85
4 82
64 26
92 6
51 0
62 54
73 5
18 13
33 73
59 56
20 69
34 55
17 25
72 63
36 55
69 10
46 100
97 61
56 76
3 32
45 17
37 19
94 46
84 79
94 78
51 20
20 94
97 98
38 85
1 50
83 66
34 16
78 59
85 70
46 46
81 90
83 22
6 36
5 1
27 33
65 69
61 13
72 20
69 95
40 55
38 96
45 8
2 39
46 68
78 50
73 25
48 56
43 4
35 100
95 78
19 92
20 97
92 23
23 47
73 50
60 0
76 22