34
5 3 2 4 1 5
5 3 2 1 4 5
3 2 1 3
3 2 3 1
3 3 1 2
4 3 1 2 4
3 3 5 4
4 1 2 3 4
3 3 2 1
0
1 1
5 4 2 6 3 5
4 4 2 6 3
6 5 3 6 2 4 1
5 5 4 6 7 8
2 1 2
5 8 2 6 4 5
9 8 2 6 4 5 20 15 18 16
8 5 10 15 20 19 18 17 16
4 3 5 4 6
7 9 7 10 5 8 4 11
7 5 2 1 3 4 6 7
6 2 6 1 3 7 4
6 5 2 6 1 3 4
6 5 2 1 3 4 6
15 8 4 12 2 6 10 14 1 3 5 7 9 11 13 15
17 8 4 12 2 6 10 14 1 3 5 7 9 11 13 16 15 17
17 8 4 12 2 6 10 14 1 3 5 7 9 11 13 15 16 17
15 8 4 2 1 3 6 5 7 12 10 9 11 14 13 15
31 16 8 4 2 1 3 6 5 7 12 10 9 11 14 13 15 24 20 18 17 19 22 21 23 28 26 25 27 30 29 31
63 32 16 8 4 2 1 3 6 5 7 12 10 9 11 14 13 15 24 20 18 17 19 22 21 23 28 26 25 27 30 29 31 48 40 36 34 33 35 38 37 39 44 42 41 43 46 45 47 56 52 50 49 51 54 53 55 60 58 57 59 62 61 63
127 64 32 16 8 4 2 1 3 6 5 7 12 10 9 11 14 13 15 24 20 18 17 19 22 21 23 28 26 25 27 30 29 31 48 40 36 34 33 35 38 37 39 44 42 41 43 46 45 47 56 52 50 49 51 5453 55 60 58 57 59 62 61 63 96 80 72 68 66 65 67 70 69 71 76 74 73 75 78 77 79 88 84 82 81 83 86 85 87 92 90 89 91 94 93 95 112 104 100 98 97 99 102 101 103 108 106 105 107 110 109 111 120 116 114 113 115 118 117 119 124 122 121 123 126 125 127
255 128 64 32 16 8 4 2 1 3 6 5 7 12 10 9 11 14 13 15 24 20 18 17 19 22 21 23 28 26 25 27 30 29 31 48 40 36 34 33 35 38 37 39 44 42 41 43 46 45 47 56 52 50 49 51 54 53 55 60 58 57 59 62 61 63 96 80 72 68 66 65 67 70 69 71 76 74 73 75 78 77 79 88 84 82 81 83 86 85 87 92 90 89 91 94 93 95 112 104 100 98 97 99 102 101 103 108 106 105 107 110 109 111 120 116 114 113 115 118 117 119 124 122 121 123 126 125 127 192 160 144 136 132 130 129 131 134 133 135 140 138 137 139 142 141 143 152 148 146 145 147 150 149 151 156 154 153 155 158 157 159 176 168 164 162 161 163 166 165 167 172 170 169 171 174 173 175 184 180 178 177 179 182 181 183 188 186 185 187 190 189 191 224 208 200 196 194 193 195 198 197 199 204 202 201 203 206 205 207 216 212 210 209 211 214 213 215 220 218 217 219 222 221 223 240 232 228 226 225 227 230 229 231 236 234 233 235 238 237 239 248 244 242 241 243 246 245 247 252 250 249 251 254 253 255
511 256 128 64 32 16 8 4 2 1 3 6 5 7 12 10 9 11 14 13 15 24 20 18 17 19 22 21 23 28 26 25 27 30 29 31 48 40 36 34 33 35 38 37 39 44 42 41 43 46 45 47 56 52 50 49 51 54 53 55 60 58 57 59 62 61 63 96 80 72 68 66 65 67 70 69 71 76 74 73 75 78 77 79 88 84 82 81 83 86 85 87 92 90 89 91 94 93 95 112 104 100 98 97 99 102 101 103 108 106 105 107 110 109 111 120 116 114 113 115 118 117 119 124 122 121 123 126 125 127 192 160 144 136 132 130 129 131 134 133 135 140 138 137 139 142 141 143 152 148 146 145 147 150 149 151 156 154 153 155 158 157 159 176 168 164 162 161 163 166 165 167 172 170 169 171 174 173 175 184 180 178 177 179 182 181 183 188 186 185 187 190 189 191 224 208 200 196 194 193 195 198 197 199 204 202 201 203 206 205 207 216 212 210 209 211 214 213 215 220 218 217 219 222 221 223 240 232 228 226 225 227 230 229 231 236 234 233 235 238 237 239 248 244 242 241 243 246245 247 252 250 249 251 254 253 255 384 320 288 272 264 260 258 257 259 262 261 263 268 266 265 267 270 269 271 280 276 274 273 275 278 277 279 284 282 281 283 286 285 287 304 296 292 290 289 291 294 293 295 300 298 297 299 302 301 303 312 308 306 305 307 310 309 311 316 314 313 315 318 317 319 352 336 328 324 322 321 323 326 325 327 332 330 329 331 334 333 335 344 340 338 337 339 342 341 343 348 346 345 347 350 349 351 368 360 356 354 353 355 358 357 359 364 362 361 363 366 365 367 376 372 370 369 371 374 373 375 380 378 377 379 382 381 383 448 416 400 392 388 386 385 387 390 389 391 396 394 393 395 398 397 399 408 404 402 401 403 406 405 407 412 410 409 411 414 413 415 432 424 420 418 417 419 422 421 423 428 426 425 427 430 429 431 440 436 434 433 435 438 437 439 444 442 441 443 446 445 447 480 464 456 452 450 449 451 454 453 455 460 458 457 459 462 461 463 472 468 466 465 467 470 469 471 476 474 473 475 478 477 479 496 488 484 482 481 483 486 485 487 492 490 489 491 494 493 495 504 500 498 497 499 502 501 503 508 506 505 507 510 509 511