100
5 2 9
101
203
207
402
406
3 1 100
100
199
200
2 5 7
105
9999
2 5 7
199
9901
1 100 100
9856
9 100 1
100
201
302
403
504
500
401
203
104
9 1 100
100
201
302
403
504
500
401
203
104
100 69 2
3056
5818
4019
8980
8254
3119
7105
1949
5207
3768
2896
5762
3753
822
1881
639
7562
3136
5628
4126
6942
5072
9264
6571
8363
1541
876
5950
3805
5163
7774
4730
760
2701
7747
7986
865
3052
7276
9055
2283
8092
9956
2673
8956
1616
9662
391
7475
6015
3173
8010
4468
4738
5451
9982
1906
3386
136
5971
9381
4702
162
8726
4389
8838
2699
5365
7707
2210
5013
9647
7859
3342
5061
8309
8598
7009
5694
7877
9651
7106
5689
7668
2014
4067
5924
8815
4129
279
2776
4659
6023
2725
9412
7795
4821
8715
3675
9087
100 4 56
126
8518
6049
9379
1288
5610
5868
5004
4210
1201
4218
9247
1571
8628
4145
3227
5645
778
6599
192
871
6486
6302
949
4292
6103
4658
2886
5044
2634
9010
3812
8665
2367
7244
6449
8452
7633
8586
8713
2250
4994
8002
1296
6900
2206
7917
1151
1503
9129
1012
664
8965
7421
5223
3773
813
5671
9119
9489
5445
9517
7160
7664
2947
2293
488
9890
6757
9544
3124
7682
7870
9101
1056
4615
4623
9527
3553
8010
2630
2974
2892
725
8938
1311
9626
1906
9009
2890
1424
8722
5431
1097
9864
8724
1528
319
1421
5748
100 57 87
1089
3524
534
6210
2709
6354
5232
754
1946
7878
2063
7558
8987
8634
8087
3976
9670
1332
3210
8234
8705
8784
6261
2384
2651
9767
3144
5782
1888
4621
1644
3364
609
4258
3594
5841
4584
376
1916
7020
4320
9995
6473
6030
2556
6732
2613
9372
2938
7433
161
4695
7658
5987
8256
6616
3570
9615
5138
9195
6707
4538
9304
1378
9514
4978
6718
5937
7036
6806
4011
6454
9234
2413
7907
7639
5057
6776
7453
5364
6893
3878
644
2516
7870
5002
8777
4217
3956
4573
5294
5820
8268
5933
7037
2798
6904
6010
916
5532
100 57 99
3505
1514
4976
9940
1820
6380
2434
8995
5180
129
1136
7626
8651
1890
7639
5913
6885
3116
2815
6129
6508
8886
5214
1121
5151
1841
8773
3781
4329
8549
323
2373
9413
3553
9885
876
1955
4828
3011
9290
1518
2492
564
5639
1194
7640
3248
7637
2618
2765
9267
8233
7138
2753
891
1779
9218
9853
2688
4025
1471
1873
3764
8391
8128
3518
9354
6640
8481
8331
6648
2216
5345
5580
6097
2400
2410
2067
7473
4167
8921
9469
4272
2493
6429
4846
2430
3939
1924
8438
2012
5134
3238
1253
3422
5560
4519
2062
210
3802
100 78 42
3133
4797
2515
2236
4150
7922
8096
6383
4337
7636
2208
7177
6897
5632
1230
6091
3291
3917
2650
1655
6815
1256
1950
305
6177
9952
7812
6718
7632
1229
5067
5346
1134
969
287
3502
9065
3884
8630
2544
8386
4434
138
9886
8313
3881
9881
2101
6301
6249
3072
8690
2302
4871
7484
8772
7445
6525
9555
9529
4847
8252
2175
8060
8678
497
4905
5803
9194
1730
6429
6258
6052
9248
3878
2872
3921
230
3200
3102
3013
7985
3298
6331
6341
9820
7296
6198
4948
1488
937
9676
4803
8409
5287
1233
5370
7919
1768
4114
100 93 36
4939
5889
4749
390
2856
9796
4331
3536
6937
1397
3946
8367
2948
9611
624
5959
8166
7695
8209
8954
4029
3698
1341
7633
1622
5330
941
8450
4837
8449
2849
7128
4462
2085
5463
5893
7042
218
4800
3015
8079
4290
3447
6789
4850
5811
2776
1994
1631
1861
9795
2889
3360
2207
7136
1156
7812
7312
367
1911
108
359
5186
8617
2638
5502
7524
6194
8621
8004
2023
5666
7129
1740
2343
2546
2859
4310
6490
8193
9314
3699
6469
4266
7677
9533
5713
5765
7501
4838
6320
616
5744
487
4774
7668
3980
8329
8539
1741
100 11 7
1087
7194
9117
405
621
4195
763
6437
1170
6278
9608
9704
1086
1652
6034
7061
285
6401
3574
491
2199
8266
104
9885
2071
379
4947
4964
7310
5226
1940
8920
4380
5200
7484
4263
444
2683
1393
1199
540
7640
2957
2519
929
3598
1007
8274
4932
9781
744
7744
4715
2745
8765
5085
1435
4443
7751
2856
6562
4238
6452
1581
1386
3782
3921
2611
1732
7287
7642
7902
2640
7397
1109
1540
6394
1237
1283
7160
6030
4575
3437
2544
5869
4198
6879
1671
9900
8602
2516
7888
6886
9953
4617
6200
117
4490
3832
4908
100 83 95
5885
1900
2890
4748
5012
3612
3858
5185
2426
4110
5755
2861
231
5363
1167
8009
1865
1191
219
7002
2402
9136
2410
5818
7196
6123
9009
4359
8849
8563
9297
7669
1175
4907
6841
2414
7982
1746
7067
1277
1689
6134
890
6046
1800
8822
1160
8922
4180
3897
5331
9482
4261
3473
6490
5391
4456
7536
4025
8733
564
4651
1957
7748
1107
741
9050
2893
699
2779
2080
3798
6588
6390
6077
9986
846
5665
8020
1492
7807
1409
2947
2438
3637
6079
9459
4369
8146
7121
454
3780
9017
8949
1906
715
6734
9711
2929
1439
100 17 71
3302
2391
7654
3931
4402
5474
9092
910
604
4320
5734
4486
8018
4430
9375
432
3608
3779
8197
180
5788
6945
7857
6528
5105
4413
7572
4261
1666
3959
2087
8924
3183
7261
3556
6969
4445
6644
7725
6928
2543
4621
2866
7594
861
8179
4241
6670
3610
4159
4614
9918
258
2446
6114
2680
7253
1023
3451
8395
1024
1237
913
8507
2510
7060
4049
7620
9992
6826
8595
3104
429
1800
3947
5187
6708
4671
4956
3281
7635
8541
2797
7903
214
1257
9437
2430
8254
9292
8506
1953
1917
9277
3630
7102
5819
1508
6894
7088
100 42 59
2105
3956
3630
1857
9392
7154
2835
8480
7469
5396
9557
1787
9401
2011
9182
8885
5086
2721
2581
129
4163
4683
2963
7359
7087
1782
4782
3712
1306
9589
7973
6686
6762
1144
6087
6447
3770
1856
7961
5197
1710
8487
551
5615
3698
7026
5235
426
8813
6274
6865
8882
7750
1008
8894
9131
8214
2989
8640
7749
4774
8459
3732
7089
4632
3450
8947
3076
7832
8783
6391
3057
8036
4111
3574
8037
5737
7703
7101
8936
3275
9884
6826
3247
8300
7382
7928
7062
5553
8791
9580
366
9997
7566
7794
9483
9730
3133
3786
8541
100 80 13
7885
9647
9500
8187
404
7291
9286
6248
1559
2699
6034
2899
6401
1119
6917
2295
823
6570
9318
2659
287
2696
1608
2817
4174
8449
4688
8938
3809
4621
6423
6779
3039
2296
1048
9644
8200
1058
7024
464
9783
3495
6115
4316
4512
3698
8668
8777
2893
3617
8463
713
2675
8611
3406
4894
4701
9889
2849
1739
4339
7794
1174
8748
569
397
6818
101
8215
2465
339
6942
4835
7645
8979
7866
193
910
2406
7682
3820
4634
5678
718
7238
771
7276
335
9688
8213
9927
3376
1988
3669
8175
6198
4826
5656
7098
2646
100 87 58
4007
7144
1144
7852
774
3752
5321
8970
4839
1816
1406
6209
2733
7104
8059
5674
6885
9620
3608
373
4731
1720
3389
1180
2811
795
9297
2368
7976
5230
8902
8051
4468
637
5052
4087
5547
6191
2849
5228
939
2743
3938
8106
2327
1743
7979
4037
2392
2514
9171
5655
4984
1951
1253
2314
8592
8563
3208
3310
4518
4601
7948
5339
1704
5705
4169
5745
6568
1338
8734
3209
5703
8250
8795
6022
9801
7245
7143
8921
1250
5507
1317
6169
3947
6043
9215
9338
6845
2297
8402
9233
6455
3570
1509
1037
3663
4279
6344
5277
100 3 57
9398
6894
6397
1448
2926
524
4365
2963
7239
7602
1847
2731
9771
631
7097
7148
6642
5076
5001
8675
5745
3000
3088
9974
9961
4058
3171
8190
1122
3534
8182
9734
9236
8471
6641
2988
553
7685
1971
2626
8243
5772
5555
2487
229
213
6199
9723
6873
9709
4093
9701
3988
3427
6129
3125
1345
3958
2728
6431
4969
4485
2666
3955
2785
7104
8759
4854
3931
4944
7140
1733
3586
8698
8818
4209
1183
4054
8068
4636
5477
4811
4469
6816
3361
6595
8242
1106
2268
160
1466
3153
5695
3169
2492
6496
6048
3504
4982
4826
100 96 15
8591
5337
8796
2574
639
1423
4157
7274
7132
6782
2113
2507
4737
6930
519
775
3035
9606
1584
1970
5396
6283
1227
4558
2215
9625
8046
3725
8627
5680
211
814
5304
1506
8683
4511
7696
772
6104
1010
2787
6102
5605
545
5117
9673
729
7092
5837
5140
2557
2839
1587
5091
1164
3205
6400
6621
423
3153
3594
3589
4862
6416
759
1671
128
484
5227
1724
9054
9309
9426
719
8101
1208
8240
8845
9937
7659
9221
4772
1299
6333
5096
9706
1778
1949
1698
3062
751
3615
5596
8049
8601
2085
4525
6551
4825
6011
100 17 48
7708
9119
7040
2231
375
2151
4746
9730
614
6429
9565
7697
1304
6887
922
1311
8165
9532
4587
1438
5925
1652
941
8148
1333
1116
3762
9926
5837
8338
8322
1005
5713
2032
6715
3182
1234
9163
328
2872
7408
8052
6303
5598
3693
1198
1505
4702
1265
2384
6047
8062
7846
963
4504
8150
9040
7299
7206
454
1909
5331
4248
2230
9474
8435
7637
360
4065
5902
5519
9963
1931
8781
8702
7826
2352
3831
171
4703
6291
4755
5334
8494
7184
1312
8735
5354
1144
699
9586
7456
207
4992
1995
9735
9509
7207
5997
9212
100 24 55
8131
5493
399
8757
7467
6181
603
9993
3331
8713
8050
7961
6383
2030
9332
7451
3193
6932
579
7580
2830
1078
6116
4660
9061
6443
1913
1177
4280
7897
878
3642
1340
4708
458
927
1074
5959
9402
876
4717
5588
8070
4156
5046
2226
1617
5640
3418
9877
8304
6401
5337
6705
1387
771
4595
9623
4615
5784
8625
7840
2500
1698
5202
5396
5514
424
7402
624
243
2804
7841
8773
1172
2965
3409
9206
4969
720
9590
8216
7184
5955
2059
6261
8946
8325
1314
6665
2489
3606
1634
7022
4225
9858
5505
3096
2722
1024
100 29 97
6328
6057
3143
1391
6790
2559
6569
8714
9426
6538
7077
7934
4709
7286
2381
8417
5039
9386
5500
9316
2673
3448
5031
7281
2367
3194
7845
9740
7998
1730
3171
3443
6407
9192
4635
1434
5298
9468
3376
9861
5269
3501
4655
2022
4989
8253
498
9251
1571
8479
2531
8657
8614
2153
6497
8586
8204
4342
6650
4945
7687
2431
5980
3401
2394
2807
2429
2967
2356
201
7806
3681
1770
9255
2184
5348
2968
6129
1935
7554
358
9727
8777
991
6341
2831
2280
5749
2218
831
1720
206
4452
6523
3786
1237
9945
4388
4461
3970
100 47 79
2926
3952
5920
3823
4265
2893
8276
1073
5020
489
928
8605
3496
5159
9436
1355
8339
4094
7340
9711
8435
9329
8426
4014
2353
3058
5850
243
3849
6714
1462
4113
7244
1645
2130
8868
4340
2219
1970
364
7962
5188
8195
1966
1695
8926
1972
9862
5260
1959
7744
1947
3049
199
355
4459
3619
9787
269
2319
3047
5283
5350
499
8487
2663
6930
1778
5322
3016
3668
5524
5067
7931
4525
3841
1790
9971
948
1074
4673
3076
2494
924
8504
3024
9730
7070
5208
5985
9049
645
8945
2006
1365
5770
3698
5819
9325
4411
100 91 49
9935
6375
5813
9129
9845
2747
7017
9332
4104
1423
1704
8168
5067
7327
2978
9447
1197
6654
1912
5900
1538
5369
9401
462
2608
7005
5449
3036
5098
7847
7732
7013
282
1377
4628
2390
7216
5374
6591
1016
7843
5476
2272
480
5168
7106
8153
7813
338
720
9488
864
1021
147
3099
8463
467
2254
1332
7192
1849
3599
8009
877
9642
8995
5184
7170
3791
6441
7169
319
7691
1830
6259
588
1966
4114
3993
7595
5193
5312
7110
620
6121
1495
3441
6241
7178
913
8355
8485
5886
2773
7392
380
8758
2765
2253
7844
100 54 80
5738
801
2641
5720
2375
2348
5083
5691
1717
6558
2264
2081
4750
9453
3561
1141
6417
3641
1940
1783
6154
4352
5257
5638
5622
8144
7700
2394
2175
2877
7513
3658
166
3931
2444
9983
8841
7587
1865
5474
7325
6158
2341
479
150
6751
9363
2350
1299
6061
441
2188
388
2437
9578
5327
3118
7751
4461
1595
686
7961
2649
5625
9410
7384
3381
2974
4313
7970
5843
2337
5282
985
2852
6611
4269
4726
1230
8544
162
4088
3587
5575
8004
6006
7482
7360
2088
5008
1080
6522
7096
5049
5523
8597
468
1240
2246
7943
100 6 62
3478
3663
4953
9635
9001
8795
7018
9667
6680
9650
2731
4088
2908
8581
6372
907
3828
6913
6687
2651
4027
9298
793
8619
5342
1676
7528
4633
7478
7355
4000
7855
9575
3997
8165
3996
6660
9271
3486
7204
2938
9496
2896
8697
3061
856
910
6583
7078
2877
2137
9863
3839
1476
3017
1873
445
6774
9547
5751
7399
3665
5235
5458
1730
6945
6867
7533
779
6427
2899
9011
4147
4026
4849
131
1442
878
2621
506
5594
1469
3683
9802
1038
404
1349
2360
2291
1465
9266
3941
8541
3293
9740
6297
817
9726
4273
1531
100 90 38
5035
9593
2748
1757
5881
4220
6720
9184
6622
6106
5262
1975
6740
3480
4905
5758
7357
5167
9076
9854
1832
7427
926
6371
4027
9242
3544
6967
8690
5906
5522
6064
9303
5642
5314
5958
8221
8780
8194
1407
184
9597
8957
5460
4606
2890
7014
5895
1288
4150
3612
8707
4871
6661
4106
6773
5814
7787
8871
9220
1746
3056
6982
4371
734
2192
6934
2679
412
1966
6876
8065
2272
4014
4226
9059
2173
5732
8691
6946
8178
8569
9280
523
3448
8600
3407
5595
2605
1482
2631
3481
1096
9262
2845
9820
3853
7197
5998
7391
100 24 88
5026
5388
3763
7367
8329
5892
688
6157
9377
9060
680
4288
6563
3022
6906
4444
6435
400
2632
169
4851
447
4313
4583
1707
873
8001
867
6905
7271
7034
542
5408
9937
1684
3826
2851
2599
1155
1657
7052
1525
4712
2235
9614
3157
7774
1556
8912
3933
7472
1074
923
5629
509
7549
1208
5810
8015
1156
9148
137
2752
1852
8274
3119
9459
9305
3459
4945
8392
6577
6320
6885
3744
9182
3975
2683
3936
584
4403
3062
6687
428
9792
9635
2480
6416
577
9729
2558
789
5384
2210
1737
5963
5268
3096
9251
4341
100 10 58
897
6724
3123
4354
1177
7085
4292
9535
9729
4216
6567
3495
5279
4461
6870
3236
6269
6311
5084
7133
7075
1692
4852
404
5271
381
7954
8719
8764
2942
7403
1474
6032
3846
5333
224
5456
4381
3960
3060
5579
9123
2664
6587
8378
5939
2248
8663
1651
8848
4845
8662
3714
2008
7169
3537
3405
674
1014
5652
6023
6906
411
4493
439
4309
5425
6141
4441
9996
3903
3577
8452
820
5863
5811
5373
1244
8829
7563
2037
961
4076
202
2325
4804
4970
5657
1804
964
2140
3962
9235
7570
6332
4445
9988
659
7846
4999
100 74 4
1775
2576
4499
148
7975
2849
8307
8539
5050
8249
8864
4251
280
633
5500
8852
9243
6359
5673
9579
5022
9424
2676
2011
2963
8643
4068
9713
101
8794
7880
6649
4701
8523
3096
6244
9463
3944
210
1055
6066
3632
7247
9222
3640
7206
6376
9990
3919
8696
5166
5160
6606
5025
4518
5146
4528
4944
5298
6077
6944
965
4934
1503
7572
1759
5942
7264
9680
1644
5218
2295
5136
9132
4596
485
7526
4544
7265
9779
3676
3583
9499
8076
1357
9915
6576
5601
245
7456
1381
8997
4660
4436
7919
1674
5411
8123
6183
3292
100 10 70
9091
6093
6630
4944
6165
5317
5325
9924
6832
6571
1554
9268
7516
2860
1696
1363
9668
5270
1441
7047
7807
7386
6572
6517
3692
5933
4320
6265
1599
5065
6743
1637
5271
2992
3498
9723
1558
2713
1664
404
8494
1062
1351
317
3019
1086
5290
4120
7882
7385
5241
8835
8079
6206
983
7713
4163
4521
334
5966
3318
9046
3618
8262
8088
9518
2383
9081
6123
8978
577
4278
224
4109
2346
9570
1779
7283
1555
4132
4606
2104
6664
4784
7895
3689
6658
3685
7246
7347
8028
3216
8781
851
4182
8531
8121
2387
5210
138
100 35 85
4800
8997
7644
2319
4536
5687
7954
137
5811
2799
4929
3067
5971
938
7613
5480
7182
3301
3143
7791
638
940
8127
4724
3843
5452
2935
642
9294
7270
6349
9919
4625
1574
6693
3278
6120
7735
8810
8878
9114
7080
3586
6467
250
9968
754
7001
9453
6187
3949
3137
3173
3290
390
942
7345
7686
2612
4901
464
2796
7361
1136
9544
8812
3147
5267
4626
9520
3295
3389
7636
9543
3449
2552
6888
8708
8166
102
9593
2917
937
3736
8405
7042
5448
2664
1708
5694
2165
3839
8694
2054
7618
5565
6379
1883
3917
3152
100 37 64
3726
5541
8317
6063
7462
813
5296
2213
106
2576
671
3525
6441
8749
9556
3582
3965
7456
7290
4800
9813
9632
4262
2079
2312
244
9204
4948
378
660
2556
4144
3370
797
8230
1999
1956
9358
4974
8766
877
4200
9520
3536
7287
6465
7692
9959
2719
5417
8509
9195
2395
7698
2754
4466
9193
2717
5562
9078
5235
258
8217
2972
8895
700
1880
8705
8479
3459
5716
1810
2975
9467
4916
2126
7924
1942
1225
2237
4695
6873
3386
739
6010
8380
3273
1750
3716
7965
7893
2183
6087
8893
2648
6263
6679
8937
3253
2059
100 52 84
2589
1116
2907
1464
9928
3481
9004
2245
5318
3787
9771
272
4029
9843
275
8457
8645
9148
9385
774
2418
868
1766
4577
6331
3925
1496
2285
1356
8247
9975
6272
3231
6492
8067
139
3337
833
4722
1363
3315
3766
8079
4856
5756
8565
534
349
3049
9792
9760
7176
3967
4740
7989
8796
3916
9064
5050
4765
6788
7774
4645
3652
288
7778
3438
2521
4410
8661
8982
6472
224
8704
5685
160
2733
8107
7232
7671
460
5377
5149
7600
6431
445
3757
9166
3455
3827
9167
492
5485
5033
1243
839
8195
4766
3544
8736
100 82 13
4679
4465
8343
2734
8338
6256
781
2405
3714
8381
1362
6777
4926
520
1590
9384
2048
1938
2919
4614
5409
8778
4347
2231
525
4481
3941
6502
8949
5555
3473
1300
7383
1069
4737
7202
7815
6600
7043
6000
5291
3928
6889
6790
9552
2814
3601
349
6752
8200
189
6567
7598
9454
7374
4133
6525
7362
4710
8621
2106
9889
2475
8412
4164
5842
532
762
1153
824
9851
3321
5523
8948
7705
6517
4260
549
2915
8461
5848
2763
9578
935
6546
2972
3821
5586
5286
4290
5474
5345
9382
5542
1151
933
3587
6538
8792
7708
100 12 94
4131
1780
6725
4972
8038
1798
2954
8070
437
8436
5823
7233
9304
443
5672
9228
3030
3747
5031
5964
5421
9377
3846
8719
3576
1578
3312
2953
5871
5430
326
4233
8092
2731
2050
9385
3574
7529
7387
655
409
2939
4336
3465
2425
1392
3847
1738
6343
5698
3173
4384
7893
3309
9567
4888
9528
8402
6033
2194
3946
6625
8623
8893
6838
4295
8188
3645
2123
3313
2858
5052
1080
9230
3741
2420
335
8187
4712
2356
1839
4005
9109
2037
5045
3587
6426
408
3331
4063
2580
4542
5522
6188
1721
9909
2141
8043
4491
5949
100 59 43
5667
5466
5835
6257
2192
2281
9023
4660
4695
8090
9391
7094
696
3966
8289
7225
5436
3883
6897
1490
9387
3438
8252
7764
9111
1634
3557
5893
5870
7823
1692
2613
2504
2294
3311
9012
6028
601
2183
5643
4113
2693
3766
8643
4602
9678
1209
2254
9298
2887
4661
2878
5234
5102
3974
6860
9017
5079
6580
9490
2955
1102
8011
6614
1191
5023
9659
7499
710
462
5126
1465
7604
5272
6196
869
8982
3729
8889
3187
7011
6300
7329
1541
6581
6914
8070
3821
6647
4738
1896
2458
7780
5366
6825
9932
9399
8095
8900
266
100 51 51
6863
6422
7290
5592
1490
7036
7621
2876
5037
4607
7839
9956
257
8485
4291
826
6578
4074
3758
1984
5209
3697
4806
5344
8908
3399
421
9294
6065
6549
1336
4232
9320
6276
3407
6081
4236
8856
5667
9273
2125
8262
1383
5641
659
8388
2062
8590
7848
4399
5529
8509
9876
1271
2185
2318
134
1704
5487
8034
4636
8436
5252
776
9868
3481
990
7705
1713
2896
5478
4101
9521
4658
5687
8692
632
7368
2355
6967
3685
4668
5656
4252
2684
1212
3618
7297
242
7423
2789
2317
5690
2917
9126
2418
1525
4366
9580
4813
100 3 12
238
4089
2255
1032
2016
2870
810
3153
2043
5223
9031
6808
9722
3346
1491
489
2755
4275
1545
7164
4859
9325
1965
7352
8466
3104
7735
6066
6855
9214
5961
3565
5369
7613
4081
8729
2550
2769
7918
4271
4624
155
798
4000
8122
437
902
8158
8933
8875
4886
5063
6554
7383
2507
5061
2272
861
4975
4439
8118
2105
6113
7279
5043
2829
1026
8530
9601
4792
9620
4192
6409
6285
4065
996
7450
2302
6172
9656
3828
8524
9812
9743
5072
5896
4822
408
981
6453
1994
2271
9890
3329
3793
3864
6925
7799
3998
979
100 37 13
8065
7334
3076
8768
2712
8039
8757
7076
8287
9524
3600
7212
5892
4593
7532
4008
7793
6940
3639
1507
3541
4075
1263
7607
2929
1016
1945
1739
4857
194
5172
8845
2358
6088
1084
8312
997
2124
5709
3031
6058
4522
5902
5701
5822
3174
7030
9262
3231
2105
7093
4439
8649
2908
7582
3393
5682
4396
4590
478
9072
6018
7813
813
2539
5549
7233
8045
986
5803
9266
6798
2498
9505
5698
7307
1362
7347
2974
4164
2731
3340
1066
7413
3540
150
9835
4788
4567
515
1658
2813
6849
4424
9558
7930
2296
3731
3131
2117
100 92 38
3757
1731
8379
2972
4979
1863
9639
1032
1025
2102
1073
2457
8586
2365
3829
7805
7705
152
193
5580
1486
9903
3151
2824
8672
1690
1588
6297
6062
206
9733
2473
6026
4951
4365
8001
2447
5937
7481
3940
5539
5660
3133
8908
3969
9804
6692
9284
338
9225
7959
9765
1099
8684
8291
2746
4087
7555
7704
3415
2020
7778
888
8616
5430
5832
2947
777
6795
901
8848
7423
8682
3118
6122
4563
9045
4697
7104
7850
1899
7860
5038
9951
9889
1083
3117
5489
1074
1124
7789
6303
1866
2989
7858
528
5035
351
2483
7953
100 41 70
5972
2146
2095
8441
8325
8196
8037
5601
6825
7502
1142
2015
629
5435
5493
4813
8326
5341
6604
9803
8891
8893
6552
9347
4355
3645
4592
7391
9443
7877
911
8991
3979
6369
7746
7235
1752
6975
635
7218
9749
3313
9549
1675
8928
8085
1940
9877
213
4919
3523
7601
6544
9495
4186
8258
4208
1408
1352
8977
7271
6564
5171
2042
2091
9523
9293
1023
8675
1139
5099
2124
4024
8782
1674
4397
9844
6924
1789
705
1369
4412
8738
9608
1816
3878
6792
2959
1344
3506
1990
8735
6377
6132
7191
3400
1973
7216
9842
9189
100 34 39
6826
3558
8771
7512
5586
1786
6485
9455
5582
8263
4774
7314
6857
4767
1765
6297
4180
6524
6638
9584
4397
1555
7901
1050
6089
634
4962
8365
660
2782
9551
1811
3215
8230
5437
2118
1656
5038
3561
6449
8846
6414
4616
5459
9664
9569
759
4413
4059
6827
8725
320
2516
3308
3583
6097
8720
2448
5957
8215
2584
8048
931
6691
2358
1922
2095
8657
6053
8357
9530
2802
3905
5071
286
8074
326
1124
9902
5554
4851
7329
1582
5908
3104
2538
3827
2138
2889
798
8435
1584
622
6413
918
5533
4631
9246
7532
9538
100 34 32
7223
7807
2924
4414
5113
8646
9788
384
1518
446
1635
5165
2192
5938
1341
526
3725
8704
3627
4751
3035
5337
8998
6516
6612
9793
8571
4083
8436
3759
2724
5093
299
1179
5602
6459
5192
6585
2307
9447
2428
7880
1195
3856
3208
2119
4919
3658
7893
7671
8338
2256
2818
3022
3427
6228
7878
3084
8485
2969
8961
3133
4497
7913
6708
4675
4839
1477
1336
605
4472
6054
3058
2625
3708
9202
3294
1979
2145
6680
8291
5016
9766
5716
8640
9223
6246
2588
194
7465
6673
3352
6812
1112
4994
2053
409
190
4759
9601
100 65 5
6966
3810
4081
3491
1257
1190
8305
4710
2080
5283
2076
9430
4540
1124
3884
439
3500
5153
8553
2225
5096
7959
7376
2416
4365
5960
7433
5112
4443
6810
5969
2100
9203
5846
5994
7201
9906
2545
5009
1552
3664
147
4994
9398
6282
3188
4830
9832
8162
2040
4060
9099
3913
3731
3486
5468
2819
9090
1710
4058
5510
7841
5698
7586
2625
3846
7519
7184
5148
6079
1683
3464
9341
4604
4222
3567
9355
4688
8719
4741
275
2662
6017
503
9396
9451
3709
3074
4215
3899
3131
8159
8172
2410
8144
7174
266
1150
7154
4299
100 14 84
851
9488
4887
2558
6541
677
7456
6903
2003
7269
125
9357
5257
7438
1377
5460
9651
9753
4131
3768
7472
7375
3602
5796
234
7516
7358
8386
2837
2679
9843
3098
6016
3983
2165
2886
6149
9405
7807
4241
4097
9933
929
3375
8781
7048
3721
2162
9692
8316
4265
8959
1921
4616
735
9856
2873
9864
8291
2987
2501
6039
3534
335
4915
8580
8488
6878
5263
4130
9499
4420
4614
102
5659
7447
6227
5523
9983
6656
953
6061
6766
9034
1353
5239
9567
1854
9808
4002
6679
8139
6579
9575
3340
4500
5763
7800
2464
480
100 17 54
7124
6598
9149
6626
9283
4313
9753
3197
827
4020
6505
298
646
2372
3510
2454
6426
1950
5064
4225
6355
5332
2406
4620
699
7567
1097
2660
197
5903
1878
669
9667
4944
2107
3214
8341
1938
6633
1926
749
4211
7149
1044
8681
3445
4519
9360
5033
8515
9673
3683
2907
4565
8989
5621
7570
544
4632
3834
9970
7147
9691
1134
122
9205
2259
3662
2472
8724
297
2989
9554
8388
8625
2647
886
5637
8540
5522
8147
8421
7378
3422
2051
3002
994
8867
4538
4560
7981
2947
6392
7956
5969
4957
3240
590
6214
7906
100 14 78
2316
1538
673
5221
2220
8591
9466
8624
8085
2447
7196
526
8763
9300
1442
2067
7459
6641
5533
8663
2079
6991
4903
3503
1450
3721
1130
6615
1859
3498
9064
7308
5517
1038
7263
8382
5742
9220
9521
1302
2610
9143
1093
8456
1069
6983
118
1509
6558
2199
7617
3465
631
9454
2467
1326
5236
1227
5706
7931
9111
654
3128
7793
1486
9228
8066
2053
276
3534
6799
6316
9747
3927
9773
6227
5936
1428
1645
7754
5782
6326
1738
7637
1156
1819
420
4707
1669
7582
4135
5887
149
7109
5847
5016
798
2416
5180
6220
100 47 34
9211
7649
7500
326
3944
6017
9975
3955
976
6152
2714
6601
3390
8296
2903
7916
237
8081
8651
2502
7865
9575
7746
705
431
1125
8320
1139
9912
9608
415
1152
4210
6157
3926
1457
1042
7668
8619
8576
4386
8494
2536
2001
1107
2117
4923
7748
6587
9736
996
7104
6532
9390
9530
6892
4141
2164
6598
7861
9459
6352
1556
6813
6660
9256
8075
1159
9688
8396
3363
6391
3640
472
2251
5657
2452
3250
3205
9914
3526
9016
4327
4512
6433
149
6260
8856
3677
6118
3423
397
5424
3857
1148
8606
2077
6766
296
9020
100 70 88
6572
4484
4411
262
7071
9174
7746
7784
6773
7372
6482
7149
519
7760
2211
5964
2576
3747
5302
6098
1127
4955
5843
1943
5736
8445
5313
1304
2021
3585
6025
8574
6617
5279
7329
3956
7604
8406
727
4226
4138
6336
3406
4872
7906
5422
9331
254
599
4762
794
8564
4342
8915
5872
7921
7727
3164
8463
4232
166
1510
8285
9692
3511
4051
162
8667
8202
8784
6121
8450
2772
1111
3232
5839
7615
9802
3819
4700
7861
1457
6355
6268
5124
5686
607
1572
6402
2452
2456
8232
3013
2319
8031
4301
1750
5952
9413
9173
100 94 40
2877
3684
669
4562
6936
9850
2427
3813
7313
5405
8260
5070
8218
3361
3224
3981
796
8456
8465
3480
3387
445
3208
3366
1572
6800
6270
5261
8712
4532
2835
910
9830
310
4114
777
514
2946
8057
5465
6991
3499
9435
6474
8546
6137
8043
3750
9456
806
3211
6183
2217
8326
687
1187
5139
6007
9441
3490
6315
8841
7306
2521
5954
9917
5138
9148
6885
7097
9773
6821
6455
504
8286
8297
5233
2184
9314
1980
1153
5684
7318
6461
4214
5176
2685
2556
5803
8891
1165
6555
3018
2171
7501
3640
3477
3014
6353
7445
100 30 75
3846
4075
820
6940
1144
1241
1313
634
1594
8249
4354
1481
9562
9621
8350
4645
7706
2003
6593
1768
467
5415
7381
3954
2400
8675
8375
7624
6175
7426
6079
5885
3796
4094
7392
3430
5875
2475
7240
9811
6289
904
5085
2697
439
4584
7890
6635
6911
8515
3624
3645
3303
9736
1893
3971
8048
7675
2231
1872
8444
3740
749
9534
6256
7158
8144
7203
6058
4259
2741
1123
4415
3641
5024
1881
8952
270
4028
2056
4727
5837
7386
8214
2917
1292
3308
8560
3604
7739
8101
6581
7779
5659
761
5389
5590
8076
6922
3168
100 37 61
5646
7474
8737
2879
9681
9827
4690
2282
3694
9523
8907
5529
8848
817
2056
8584
7130
760
2283
2671
7376
8370
6798
1542
4682
3776
795
7607
1524
5606
6472
6970
768
7789
5690
5655
468
2010
462
491
5067
8453
3024
3717
2711
399
4220
6080
7573
4281
8683
3675
1352
5411
1610
3732
5205
1568
3403
398
6385
6920
6229
9053
5193
8897
6047
1200
1594
2775
2416
6907
9545
7616
8840
6963
7206
2682
6363
7772
6205
1235
7132
8394
4114
9879
4035
7775
286
1302
8376
3996
2131
6023
4612
1007
6341
5512
5101
5598
100 21 29
569
398
1910
2322
2564
4371
4450
2108
6011
8360
7038
8504
5905
5227
4201
4886
4025
9636
1169
6453
3511
5422
657
8293
6152
6715
293
1782
9882
8684
1054
6418
4989
7449
9184
5739
3167
2697
5386
3671
8658
1800
8237
2435
1699
3843
3398
7729
3836
933
203
7701
107
8084
1313
9847
1595
6036
4319
270
4813
1919
5939
5349
7883
7822
7286
7655
8093
1528
6306
297
3661
3137
6612
8937
9936
8342
6597
7078
1295
3088
4218
1359
333
1366
6499
128
479
9293
3536
5692
9594
3382
5032
8077
2641
603
4459
7651
100 3 37
1636
6596
6891
5998
7536
9616
3230
5807
7073
7457
4932
1536
9739
4430
1131
5603
7208
8658
9933
4535
6805
5512
3077
6154
4644
9434
9413
7575
2405
5931
7791
2051
405
5977
6302
4790
5558
1987
7320
1427
6662
752
3017
3848
4230
3607
5087
3091
2240
8520
4161
6563
8988
8652
9455
2795
5264
8928
9724
2562
1939
1997
7703
279
3752
3192
200
5819
5480
3843
9127
9030
3010
3050
6235
7151
7633
1716
1720
7970
7953
1723
8206
1694
857
1739
9449
5395
7466
1073
2624
6529
6064
2926
5925
6698
357
1590
2509
8799
100 68 55
4211
8006
1439
1033
986
271
148
6583
8984
974
1075
6974
2274
5420
973
1806
3095
6326
2062
2554
1686
8570
9597
1313
9548
9666
1600
380
762
9536
2744
7085
1975
4288
4930
4336
410
8848
229
2338
3784
2317
6904
7411
1029
4632
4743
6834
2374
7364
3898
1465
6394
1872
7182
2999
9321
214
9461
7493
9575
4697
7321
224
6498
2336
3185
3368
4304
4939
8383
5519
1355
4003
3938
2902
4334
4056
3792
9557
9669
9514
6248
4791
3514
1230
3687
6600
4168
154
4400
8146
6565
7424
4910
8055
7571
9685
5806
9921
100 28 98
6191
5342
9470
2615
1159
1723
6513
6102
7755
4099
949
740
4082
9488
869
2868
5607
9448
1356
1311
9709
2948
5979
9219
7852
4279
7571
2428
2062
3691
3543
4404
1168
5493
737
8598
5392
4901
6747
9136
824
1646
7526
8049
5297
819
7107
6818
6026
3348
8382
8637
931
7088
6156
5060
6614
7003
3045
3180
8353
553
2420
3658
9658
9614
907
4323
6865
4702
7870
7452
8752
8384
6379
3261
5329
9698
4448
760
1884
1583
2094
8391
7200
1721
3059
6394
9337
8552
583
5054
6643
7621
3874
5425
7914
3036
5185
4111
100 55 69
8816
3784
4227
172
7769
7481
718
643
444
4210
1678
4209
6255
8057
7006
9338
2837
9708
1740
2097
2546
8249
1668
9361
8777
6415
7935
6912
8951
8985
6919
5755
1500
4515
3723
1842
2852
8857
1684
3091
1036
9420
3904
2559
5362
4284
1214
4350
4435
9208
3319
3042
8089
9386
4380
6634
5586
9154
9214
6044
1328
226
6951
5373
4706
3640
3874
7231
8215
5764
5247
2654
1626
7998
3145
9312
1151
5720
2493
9014
6382
7841
9083
1891
9750
5028
691
5203
3240
1736
2182
3958
3073
1306
248
2229
1826
6105
5984
3030
100 61 56
3999
4039
4028
9832
1953
4428
2989
3896
3985
5774
5000
3134
2999
1764
6354
8940
5649
2318
2254
5587
616
9477
4150
7931
7093
5206
9472
8365
8760
7023
5504
4441
3327
4587
905
8562
8609
7463
173
7889
5963
2065
6119
1657
9240
8790
3757
5925
7893
4353
4262
3285
8535
2042
474
7868
6777
6513
1016
5468
7606
5203
7506
2786
2033
9398
9865
7288
848
5898
2951
6654
8063
5989
1458
3957
2113
4164
3558
6908
4669
3721
936
2897
3771
8328
5566
3707
2965
3925
1399
3493
7079
9208
3736
892
6319
2024
8712
1871
100 95 57
2866
8796
5448
7532
501
5838
6047
7115
1282
997
3355
273
8298
7290
776
4551
3194
8780
758
4512
5000
7194
6446
2748
4810
484
2055
3865
4099
6481
5576
4405
5015
6826
4612
2323
8045
4368
6128
3693
8936
9583
8413
4383
4181
1398
7544
6091
2033
3464
9590
1192
5951
4910
9108
8343
4506
7945
803
6172
764
6251
3893
9554
9322
5425
7258
3521
9096
9527
1587
5276
9209
1582
7729
2133
170
7396
9080
4989
8336
2427
5742
8610
3992
3905
5692
1059
6550
1401
2708
9762
7117
9981
5406
305
3530
4464
5513
8508
100 93 71
5465
3388
9713
5956
9700
4944
644
808
2826
5660
247
9212
5230
2542
783
8927
7178
9710
7122
8796
714
7431
3413
4000
2798
9633
7972
1084
871
7190
2252
6651
1304
975
1327
6962
8250
8052
1291
2058
5553
2932
8225
180
4246
6920
3848
2484
7323
291
3719
1635
8149
5575
2492
9266
9142
9655
392
6728
1570
6672
3471
5897
9764
2371
9653
8366
2339
4517
1827
8350
9674
6414
2875
722
4038
1435
380
2392
5010
6283
1713
8597
5661
6721
7570
9928
2097
9681
9753
1869
8663
9238
2300
6500
9496
503
6912
2015
100 87 57
5751
9808
8772
740
8878
745
4073
7973
2239
9384
3756
1308
679
6190
7711
1023
3903
1011
3541
7148
6059
546
1348
6392
8052
620
5971
6675
3087
3038
7360
6062
3563
948
1144
5838
310
1073
6308
9881
1185
7276
2276
2215
1553
6408
551
9796
8309
8141
2918
736
7264
6539
8033
4800
3958
9385
2260
6304
136
2671
1067
8738
613
1933
1754
6202
7223
4508
7792
3835
9758
7862
9307
1587
5866
5898
8150
4820
6916
2550
7689
4599
7331
4490
4234
5357
1840
790
7785
2392
3942
8624
6631
1123
4905
6371
5920
8503
100 45 81
8851
3891
8550
2503
3083
1360
4982
3498
7679
8494
1734
5458
3672
6106
5126
6427
3619
7374
2255
4247
2290
1626
2854
5975
9087
2457
6363
2227
7884
4539
1423
3379
6419
1202
8649
2382
3162
2709
8538
1974
2840
5908
1501
6414
7650
8168
4550
8854
1384
4342
3527
5645
1272
431
7555
434
3233
344
1783
3400
9785
159
9388
442
8789
4776
660
5259
6735
586
5116
819
9269
8939
4842
9723
3875
4158
5131
9459
6876
560
1465
1891
2598
5699
9231
792
5317
9210
848
7131
104
774
9645
337
2617
7076
1703
9421
100 34 71
921
2890
7494
6288
1756
7592
1174
2689
5785
881
8866
5154
8248
2205
2707
4399
1742
401
3062
4554
6900
818
8086
9513
2867
3769
8393
7638
4776
3397
4240
3037
8854
2005
1693
9903
9652
5586
6024
7314
7685
3030
8598
6450
3398
5618
7880
4818
181
3940
6852
8580
9112
9655
844
3167
8956
6480
1539
5584
5832
5010
6149
549
4784
2131
3068
1667
7255
2745
1336
7021
9459
1422
6713
696
1366
6260
2468
2630
707
6992
9962
4159
9567
7739
610
7124
6649
9531
5714
2943
5065
4983
7018
4276
9689
9242
6669
6857
100 93 48
8717
8848
8877
1059
2669
2507
5512
8817
4793
6223
5292
7574
3387
3095
4097
8453
2801
6147
2428
8728
9555
1062
8221
2628
8929
2050
285
1201
6807
7752
682
1559
5536
4983
2718
1593
3003
9385
3331
4869
1261
2266
4086
2520
6112
315
2797
5520
5600
2858
7444
4956
4866
3988
8190
3223
6089
8370
9571
6269
2444
4797
6997
1615
9607
301
6477
3518
2642
8721
963
4580
6280
5569
4013
5471
2954
916
5198
7550
8818
5000
3243
9939
9630
3810
154
6531
7762
7198
8840
1840
3556
3029
8997
4170
3295
9785
2911
3974
100 96 98
9549
599
5790
417
7856
8013
1341
1378
8113
3219
2975
198
3199
6259
9737
5730
3175
2405
7160
4833
5511
5696
6204
8614
709
2449
2665
4799
5741
9586
712
676
1290
2184
8575
7523
3169
7430
6426
6874
1731
3917
4059
1980
7543
6828
2773
4961
4480
6045
4953
6552
1409
5867
6454
9039
6275
2139
772
7193
6043
1950
7792
8037
7417
8725
5890
5924
656
6383
1680
1174
1693
8673
3304
1500
4076
4534
7764
8219
1572
962
4775
9083
6949
5482
3664
8074
7902
4910
3681
633
8599
9002
4311
2972
3247
2557
5998
3725
100 44 36
3646
2248
1126
8081
4244
120
6902
7519
1822
3018
5214
1566
6962
7783
5038
1339
4182
5488
7852
905
9625
3720
2060
199
9919
3457
4317
9106
5938
507
6096
1610
1125
5046
6774
1592
7998
9967
6195
4117
732
550
7914
9397
897
3104
1039
7382
7552
1156
9882
392
7927
6007
8701
5354
1308
6397
3949
3984
6197
5663
4814
5346
9172
1924
8707
1528
7932
6480
5138
3267
2370
9379
1522
667
3988
3079
8563
167
381
4667
3283
966
4367
4998
4945
3367
4444
1993
9780
9005
5204
1577
977
992
3382
4270
4307
9893
100 96 28
3854
4975
4401
5264
5064
1655
2362
2846
5341
5195
7300
5121
5018
3437
6723
8832
6834
7131
2218
486
6928
2284
8426
9189
8679
1224
5344
7459
6356
6972
5033
6742
1750
271
7156
9097
433
3190
1661
3721
9117
363
6658
3426
3546
5670
9075
6562
9305
6369
8087
3224
4210
8392
6621
6463
8334
7934
9013
2234
2979
4575
3381
4016
4678
748
8680
7236
1285
9689
7139
6679
8075
6256
4133
1559
9101
3572
3380
4812
8387
2612
3735
9539
7724
2227
1478
142
3384
1218
2503
8398
9876
8621
5108
2608
735
615
3453
227
100 28 69
7848
3044
1754
9205
5738
7300
5237
2018
1721
991
6000
4121
7469
2386
7036
2488
2689
7642
6349
9597
1181
3108
6839
6249
5164
9090
9377
1202
1303
8788
7785
4455
256
3520
6035
4398
8653
3932
5281
6470
4627
4890
8568
7972
7215
4138
3173
7714
6717
5667
5503
7990
3474
8204
4472
7069
9172
9566
3107
9053
9417
3740
5522
9050
709
8648
5090
2285
3390
5033
6789
5663
6049
9293
8818
4755
104
3111
5091
575
8154
2990
7044
9706
5171
2674
428
3848
8821
8246
5603
9949
5311
4879
6277
8144
3459
6998
2139
2645
100 90 58
7849
5072
2560
9139
9189
7691
257
8371
2434
4301
3662
9736
8441
6213
2534
9166
7406
4814
7150
2546
6549
9113
6237
1898
1349
6639
2613
2752
8131
9217
2021
6545
4956
5578
1908
5934
6024
5917
667
6551
4314
2633
9844
6341
6758
6678
6235
8542
1747
8296
5457
5766
9262
1662
9621
2813
264
7305
1159
9348
4238
1292
5365
9818
5543
4218
9640
2676
1641
4911
7810
4501
5953
8634
1202
8768
8829
615
1550
3500
6847
5843
331
4751
7076
1652
3930
4627
5067
695
6365
3535
5509
580
5678
2620
9109
5548
3757
3231
100 24 20
4800
6690
8781
6390
8772
9983
7768
935
4204
6261
685
4611
9325
8531
8044
274
2975
2062
8252
2952
4320
2268
5215
411
1263
1722
5657
4620
5745
906
7754
2315
1727
3285
1822
3388
363
3544
7901
6710
6230
1171
5486
2161
1607
6175
1852
3667
9779
5026
3880
4115
9117
793
2851
8950
3653
8750
7541
1527
4507
324
9341
6873
6262
1427
1818
8658
2911
5306
166
6387
6280
4571
9057
5710
4483
8916
4782
5470
669
3056
4486
7779
6123
1266
2497
4609
7317
5623
3066
3027
4930
2860
6867
4511
6389
1226
1246
9765
100 82 27
460
793
7036
1729
6620
6354
1882
9082
5485
9689
1561
5440
6819
8459
3913
5114
4040
682
3626
7300
9304
2387
3014
9016
2811
1190
6798
8615
579
2635
9513
4251
2116
6302
6188
750
5653
3774
1296
4949
1502
706
2108
1262
3253
784
4128
2184
6478
6072
8504
8906
1529
7929
4940
1719
531
535
2852
1349
6009
865
1532
415
7462
1817
6734
9930
4849
9519
1642
8421
8174
5711
3975
4285
6561
3715
9032
424
9044
1285
9360
9052
9199
2550
635
6068
3087
5117
5693
8560
5513
8158
1437
8256
8346
6406
7975
919
100 11 93
8236
3393
5124
6783
5807
2698
4457
1080
8316
5518
4650
659
9256
8991
2089
5225
6896
6221
429
4539
2833
3265
1286
8984
6685
940
8159
8810
1111
5224
3078
1779
7949
7698
8666
8726
4707
371
7720
6607
7048
1481
2028
5013
1393
4501
7992
8399
4418
7452
2779
2083
6578
7027
4984
3660
1479
9296
3614
855
4678
3098
9892
3753
1509
2289
5890
8508
4810
8923
7710
3551
6110
507
2554
2627
8403
7841
9639
8592
5086
8527
5866
4577
6053
8279
4759
4813
9192
7812
9215
9403
1332
3131
5984
7789
5101
9748
8981
6389
100 67 8
2568
9269
7711
9115
6515
8973
4046
8372
4678
1987
6232
2036
6902
3715
9210
3696
1040
4177
7543
7285
7230
4496
1182
1163
6455
6041
9313
6016
6263
5369
1865
8218
2889
5280
4125
4724
3764
347
315
7413
1685
4737
8239
9192
3495
8118
1521
7078
9554
1365
9797
6256
1922
860
6466
1981
5852
918
5588
3405
8891
7377
2129
5213
8457
4565
4928
1612
6897
2670
3852
1657
4213
3198
5831
7747
2120
9027
3766
922
1214
9128
6330
8120
4060
2942
2417
8661
4019
1799
1319
6427
9754
9268
7933
6147
7236
3928
6483
2341
100 50 90
5326
2018
8481
1141
3901
4061
7362
5837
6105
9119
8834
9291
6669
1580
6008
151
6848
4588
8433
2378
7197
314
6725
5466
9200
576
1063
7477
6087
4900
8642
9095
3458
4003
5721
879
5653
8994
2281
4080
5003
6633
4804
6370
734
7348
2138
4433
2193
7465
849
8948
4899
8186
5029
4867
4332
1329
913
9819
7627
8989
750
4750
1802
4201
8289
9676
8222
8549
188
7922
4357
1803
5917
7466
4451
6766
9922
7077
7904
2995
4376
5032
1691
7961
3291
612
897
1758
3834
7380
3364
130
5261
5715
5743
3394
8179
5088
100 53 83
8001
8419
8155
9816
1451
8401
8915
7711
5044
7921
9706
5983
7160
8381
112
4912
694
2928
3829
3015
5400
1021
8549
8110
2529
4586
7290
5239
7521
1312
7042
3835
7312
2634
258
3741
4120
7438
6106
4890
8661
6735
2622
1154
2225
8138
1559
6349
7609
8676
1308
7211
6647
1047
8544
8993
5740
4317
9101
5084
6650
5066
8554
3073
6411
1552
5486
8456
4138
7646
409
575
4820
6573
7909
2543
1858
350
8742
105
874
651
5690
4846
3188
5538
8793
6125
6732
5482
3648
5270
893
9801
5613
3032
7100
7623
1844
8761
100 4 65
9257
834
5089
9609
8454
890
8072
8045
4494
4676
5035
403
7652
2792
4946
5437
8867
3072
3904
8167
3688
4412
2267
9950
6256
9100
4274
7757
7999
1698
5104
645
9144
8239
405
1585
9501
7700
9871
7632
4812
1273
7411
1567
3765
2470
5114
1780
6392
6407
1399
2094
2984
3406
299
1912
4925
9060
8365
764
6035
4281
2844
4036
8759
8913
1690
1339
2955
5467
1535
3022
3826
326
2366
4631
7678
2559
7140
672
3191
9225
7778
6805
3000
4695
2532
6305
8997
401
4534
693
809
2164
4418
4222
8085
8002
7829
4472
100 94 52
9768
9389
7101
8077
3371
3022
8499
2551
1145
687
4000
3612
2370
9298
5335
2793
9505
996
6531
4805
7532
7751
8132
6462
2609
3539
4840
2910
9378
2014
7491
4742
5409
5367
2206
2619
7033
7127
6588
2978
3101
522
8628
4876
243
7050
9341
8976
6026
9738
6165
7023
2569
9937
407
453
5991
3814
3436
897
3748
4476
5601
4423
4225
2331
3731
563
9784
782
5867
8771
5121
4676
6219
7213
3301
4548
8020
5542
7458
5333
7030
8511
3401
6010
8234
9934
4108
2902
2436
1827
1721
2455
8364
3551
2519
5963
3400
1143
100 73 88
6378
7171
9018
7421
2470
6320
3145
2454
9970
6414
6054
9194
1464
7050
7158
3497
7166
1084
4531
9174
8002
7537
6469
9373
2532
1362
6509
8385
8844
4432
8949
9289
5780
3887
1419
1526
835
5378
1553
6787
8706
6297
7091
2732
4719
3799
5597
727
4053
7455
5300
2188
5015
2325
902
3745
3072
1717
3138
4040
6748
3577
8090
9853
5243
3149
9873
2447
889
7153
8765
9630
6355
3554
5851
5821
1441
1597
3217
4489
3053
5255
5373
930
1832
4066
4673
1543
8214
4198
4949
2852
4054
3594
4530
9743
6829
7754
4096
6384
100 2 78
5480
7973
7155
5592
4987
4125
5137
4010
7807
6669
3008
4843
3576
4793
5661
9808
5669
9978
2219
2500
113
1608
1206
2525
8137
6775
3887
5911
566
6960
3973
4850
204
7197
7626
3000
9197
2559
4074
8440
3324
1667
5530
7090
3133
4471
9021
324
8023
1272
5005
2938
3209
8385
781
4892
2774
8900
6770
2252
7723
3504
7757
4511
2507
8051
672
2188
395
3458
4277
8648
4873
8884
3184
6186
344
7396
7267
715
7025
9590
9397
5810
6559
9745
9988
1045
9848
7918
144
5500
7501
1034
2621
1448
3581
6434
5305
6037
100 16 89
9229
9337
4649
5311
986
6156
6745
6096
8263
1240
4451
9691
661
3749
2405
2809
8510
6939
9384
5903
7791
1572
2514
5621
4603
5798
6174
9582
5937
3103
788
3248
2478
8799
3494
1016
6972
1995
2016
5067
8742
8319
5767
6344
194
1007
5686
4281
3495
9891
7829
5562
957
3448
4868
8641
5840
1459
3041
8840
6196
4441
782
5578
4369
8091
3122
8680
4673
5337
6842
3505
6587
2608
3979
4844
9328
9699
399
3414
4308
7063
1057
8361
1672
7820
8183
1014
7366
4034
7203
8836
8294
4537
6054
7646
4217
5087
1485
9827
100 28 97
6369
6718
2267
5448
2271
336
5854
1503
5246
8090
3645
3141
3702
3848
5557
2352
3277
2076
2640
1648
7803
6785
7507
6861
2870
7676
1886
8581
8212
4800
7953
6285
5115
9442
7285
2090
528
2312
9546
9953
1300
595
172
1736
1804
6352
5160
7843
9963
4419
475
6839
3718
1684
1083
1646
6148
2012
825
4945
7531
9364
1438
4548
8707
101
1385
3570
834
3039
4779
1465
350
7095
3979
133
3080
3089
1069
5666
9342
1644
6218
3610
4756
8476
4749
776
7298
2434
805
5825
674
774
9060
9788
5985
3311
328
5981
100 90 10
8392
8249
6323
5920
8898
9854
594
5646
6828
8209
8616
9113
1930
1789
4664
2886
695
8846
1146
6794
8463
7443
7256
6311
561
3359
2090
3932
5505
2246
4512
1407
3535
1828
191
5192
7832
7290
382
5587
1453
6284
8007
6263
6005
4772
8443
6293
6599
254
6455
1612
1002
3382
9702
7234
7514
2315
3200
8365
1545
7709
5648
717
9066
5473
3090
5005
8417
6973
7647
5897
6616
9247
6530
6534
6850
1608
8929
2846
1490
4730
981
2540
5331
7983
4571
5000
3427
9729
377
3436
9403
8158
689
1818
4250
2893
5888
5373
100 87 81
6018
6044
3324
2477
7282
7886
5695
4128
9721
8905
4516
2274
5577
8782
6785
7489
6608
309
9852
1440
4275
5994
9467
7578
4794
6059
1867
7423
3710
4098
3598
4122
294
2687
8319
9635
8333
3008
6524
316
5916
8973
9970
1980
3617
1302
5372
8160
4477
8896
741
4558
4092
5539
494
5276
1548
2595
8701
2125
2846
6727
7054
1119
2980
9551
7375
2405
7584
3582
4081
9961
8222
6526
578
9451
7095
752
2197
4180
8614
8365
8674
9621
4123
4500
4223
8788
9802
1607
8708
2945
8254
5827
8901
9459
8068
8391
8153
7075
100 81 78
6491
3858
5650
5505
1168
9814
5370
4420
7663
4522
7982
8477
8515
2050
5945
4803
3275
2675
9157
8134
1064
9628
3461
2288
6823
3843
6809
4472
822
1368
8364
2326
6462
2907
4477
4518
6682
3078
4942
9639
4211
1221
1534
3200
3736
905
2664
6749
2701
2816
4921
7089
7065
2082
9263
8561
4349
7406
7581
6197
9320
1397
6188
215
6104
2977
9535
7052
3811
4783
5139
6107
4684
1509
1729
1045
7600
6641
1750
8231
2854
2423
2574
5299
1391
9407
2948
506
4706
7092
101
4107
1696
9758
316
557
1035
7746
3367
2411
100 44 45
7813
9729
9810
7726
6248
548
1481
3516
5877
1227
888
5144
6095
4957
7261
2826
7796
7986
3419
9290
2376
8301
3738
6615
1700
7277
9783
9304
174
6240
5725
5186
165
3006
2486
5445
1735
8190
5833
7992
5739
2679
5322
976
3404
5766
5689
6025
9323
9455
3367
100
5804
9318
4480
6365
5701
9791
5259
212
9983
7583
4586
8213
4220
1163
2129
8217
1459
4157
8050
743
1269
9349
7874
1611
5631
9193
7198
415
5688
5938
2091
7594
7648
2543
1460
393
827
319
8325
4383
7815
3185
9947
1644
6890
6298
7855
7410
100 3 39
8913
1743
1572
1326
3626
2508
5258
3389
5760
1317
2345
9974
9137
648
5915
368
2878
3301
1640
372
947
2613
7538
2930
5034
3455
7066
1585
6425
3020
3318
2835
7274
379
3984
3276
8646
940
5649
9272
2057
3102
5891
1365
3398
4944
7240
148
7319
5577
541
3883
3525
1800
9360
7808
5202
571
1775
5241
2686
4312
9910
4350
604
1787
8775
3589
7478
1551
5860
4189
7774
8159
3613
111
6893
5737
9964
6052
5708
453
3611
1043
593
1421
845
2434
9923
8794
2858
1146
9919
611
3870
244
9413
8393
6340
1836
100 100 83
3096
3638
2641
6224
1442
6816
7261
5239
5833
9747
6533
5039
9293
8470
5204
1059
4865
9833
969
9186
1506
1644
2756
1552
9321
3214
8876
5163
9736
5774
5709
6685
621
7792
5939
9625
2510
3889
7459
4465
8397
2626
8931
4322
5563
6294
1949
9511
3504
7093
7393
4621
5436
3456
728
4664
1645
4231
1609
2928
9338
4029
8359
4751
6683
6990
521
8186
8770
2649
4519
9203
8042
7973
4212
3138
9730
4667
7597
9476
3722
1357
6850
7801
7943
4709
3260
263
3409
3417
7952
703
6547
8135
2334
2400
8321
5019
5258
635
100 74 97
3580
8606
4705
2956
6026
1506
8114
4215
9996
6079
2291
6703
8412
8440
2184
1391
6528
8775
8932
3082
2781
9010
3418
3227
7354
518
9049
4914
7110
2384
9624
6902
7683
8230
3314
3427
4912
6676
6577
4044
7710
480
3390
8273
5975
3001
393
8282
5015
4719
2508
6004
2084
6628
4203
4730
3222
9378
446
8812
2589
6686
2446
2740
1640
9182
2925
4174
1419
5069
3465
8714
9878
7961
6296
6643
6555
1721
9235
6434
1801
7007
1011
1618
4101
8887
2315
4707
8482
7303
8413
2619
4543
9420
8537
766
9855
2870
5763
3704
100 88 43
983
8637
7485
1438
4003
376
3060
3801
8521
3233
7837
9142
929
1374
6201
197
1538
7917
4386
4325
1788
3416
1704
1176
9033
7778
8164
3168
1249
5722
7231
3931
7604
3502
4706
7123
9888
7799
1095
5507
3445
2191
8340
6602
7840
1724
2960
3977
5211
2303
6281
4009
9111
3149
5757
6073
3001
5419
2470
1581
4455
8865
4573
7892
7906
6370
9133
698
5253
8278
7652
1775
2377
4685
7222
913
1597
2992
1221
108
9495
9602
3760
8913
9580
3621
6326
3068
3519
1999
9620
2335
1708
6551
5884
3928
5625
1397
7020
6671
100 16 15
2264
3435
9991
9458
7264
2776
5034
7726
9542
716
1670
4459
2882
4604
5848
2980
9980
9422
2388
659
900
5190
7382
5376
1356
2271
3971
290
5373
3266
1249
7727
8642
5943
2712
3633
947
7193
5694
5602
7310
7085
4450
8564
7616
2751
6130
5069
9794
5027
1210
3403
2618
3943
4169
7649
3462
1066
6015
5182
4929
4150
5728
5750
5802
9847
8993
5242
9233
1807
4393
8129
6524
1259
4823
8954
2155
5436
243
1451
7612
1716
5270
7411
5102
1007
5168
7595
4077
5269
8158
8266
7876
1654
604
1851
3759
8897
1213
4061
100 1 36
4813
2931
3396
7112
5353
451
1591
8832
5763
8872
8033
2075
8072
2943
1629
5000
6659
4162
4904
8596
3183
752
5518
2155
6522
8242
2221
7040
7110
7896
6943
9309
4292
9284
5519
111
715
2651
855
7083
2615
4897
1186
3499
5644
9268
5301
2668
8499
1326
772
4352
9343
8484
6214
3985
9896
8259
493
7988
8774
8024
841
9489
5289
9237
1957
400
6210
2547
7641
8209
5201
3451
7802
4349
6441
2885
9895
2309
8230
8671
2832
908
9002
2697
6970
152
1484
8866
8778
1701
5984
8516
2371
1272
6868
7493
6268
5565
100 88 88
798
5651
4996
1274
7019
3356
3404
3907
5125
3346
1070
1925
6104
4055
3168
5392
632
141
511
7957
7113
3936
3809
7530
8094
2894
2554
9887
9593
326
9090
7347
5869
512
7974
5965
4328
3756
9258
1500
2848
6358
2689
3878
5604
5039
1645
2414
2432
323
6974
8186
9521
7239
6338
3436
515
793
4107
8699
982
9027
3721
4431
6472
8952
8895
4795
6392
2627
1761
5472
7304
4638
5381
419
641
1598
1654
6578
4377
9922
9335
4859
2998
3294
1993
7318
6954
1131
9135
7596
7168
8987
2984
2621
3151
7481
9997
5092
100 55 74
2362
7803
5554
9010
8269
4890
3871
2522
1777
7895
350
9210
6886
2113
3032
5926
3328
1211
3094
722
8628
9169
6094
3320
5267
7352
1458
5803
7318
7911
2856
1005
8381
1454
1226
5856
3447
6860
6987
3943
879
8250
7952
8095
2511
4177
6850
1874
3162
7129
6800
7185
8896
1980
6901
7621
7734
3575
2047
4732
5366
4825
583
2670
8094
8761
8679
9352
6717
9637
9286
8821
6588
3069
2123
2626
2204
4407
9703
192
8144
3962
156
8438
6502
2573
5745
8122
4830
432
9476
2930
7106
5358
1552
1227
354
8064
4464
8460
100 81 60
1555
125
4940
3605
798
1664
8667
5289
5228
753
5790
516
8207
6238
5131
9752
5265
7746
1118
9276
9840
8956
6722
3339
1490
8097
3103
2974
2388
7581
5472
1053
6815
8287
651
9810
1355
4667
2576
8333
8697
2149
3476
2940
8783
1802
1598
9294
6518
5118
7516
2739
2187
4258
8205
9435
4030
7871
322
3528
4549
9736
9495
7024
5198
2530
9085
1228
478
7816
1550
3778
8105
7591
545
3809
7250
1880
511
9198
6227
9210
1487
517
3685
4627
2399
1714
4756
4934
891
8450
9326
7439
1924
1679
7579
4402
9281
4359
100 86 12
4801
1293
6581
9636
3667
1860
2130
5274
4311
1021
5041
8152
7774
9553
2143
3805
9920
9305
9044
6177
2158
4684
1584
5960
5768
1254
4407
4068
9045
2190
4389
677
4858
5376
7949
7223
4980
242
8217
4142
5889
1469
8248
5779
6091
5593
4267
3487
7885
4383
625
1837
3863
8434
3589
2833
1121
3882
3560
4751
198
2999
436
6728
2049
6329
6888
8841
585
2874
7518
6662
3240
7571
9937
8616
8323
6703
6273
6266
9644
8467
2021
9722
6263
831
2920
8930
1336
7691
9697
7473
6775
6950
7842
8424
6660
828
8385
9867
100 2 46
2804
1601
6690
5152
230
5075
5235
2038
7287
4298
8756
3988
4446
962
4616
4792
1847
620
8732
5431
1712
2849
5805
6038
1933
4745
8155
9146
7131
8304
2368
9503
470
6335
9101
7908
9915
3546
5495
3404
8933
1273
5956
9458
3984
1869
9097
4854
604
5486
3152
4786
1592
8344
5027
7747
2842
7496
3380
1925
9409
7773
1620
2638
1254
8646
2083
6058
7204
6786
553
7437
4051
2428
1279
106
5902
4397
6454
3324
581
5357
1421
1763
1922
298
8618
6245
6538
8739
6810
5671
9308
6182
3534
1068
6398
6197
5187
3600
100 9 44
5274
7121
193
9118
1709
3755
5472
5620
1042
6507
2296
6592
110
197
9255
1830
6444
4547
8621
8182
1712
1411
6446
3474
9052
6029
7446
9453
5647
4227
5337
6378
6721
5583
4091
3383
1670
971
4608
5290
6617
5316
3536
5343
1533
7846
8847
9715
9237
2983
2267
2966
2038
1759
2751
5964
9702
5794
3181
1106
5038
4198
4168
721
3067
777
4800
8116
4975
6503
4042
9422
3140
744
6851
8536
1011
5160
5042
2793
1722
805
9643
2604
1155
3175
1860
3603
6386
9691
8334
2133
4202
3985
6599
295
5353
7199
5296
5068
